60.790794070707 24.151699095238 0.15533528933964
60.880105151515 24.151699095238 0.16781059641201
60.969416232323 24.151699095238 0.14243182887017
61.058727313131 24.151699095238 0.19524796932415
61.148038393939 24.151699095238 0.33422214459047
61.237349474747 24.151699095238 0.42890294304513
61.326660555556 24.151699095238 0.45913642844776
61.415971636364 24.151699095238 0.4916744280996
61.505282717172 24.151699095238 0.64529677703133
61.59459379798 24.151699095238 0.69975759987332
61.683904878788 24.151699095238 0.81394674048863
61.773215959596 24.151699095238 0.69084285371601
61.862527040404 24.151699095238 0.53302499726279
61.951838121212 24.151699095238 0.65460453514581
62.04114920202 24.151699095238 0.84819076414045
62.130460282828 24.151699095238 1.416580484984
62.219771363636 24.151699095238 1.3672428405314
62.309082444444 24.151699095238 1.1486908382518
62.398393525253 24.151699095238 1.0505012483897
59.71906110101 24.239171190476 0.14506951178413
59.808372181818 24.239171190476 0.15034505324022
59.897683262626 24.239171190476 0.14510885981014
59.986994343434 24.239171190476 0.14964300219162
60.076305424242 24.239171190476 0.14629139400483
60.165616505051 24.239171190476 0.14756673193157
60.254927585859 24.239171190476 0.13932334599062
60.344238666667 24.239171190476 0.14808870926786
60.433549747475 24.239171190476 0.14686459001299
60.522860828283 24.239171190476 0.1531931659026
60.612171909091 24.239171190476 0.31590663252261
60.701482989899 24.239171190476 0.15731680918104
60.790794070707 24.239171190476 0.4147426189777
60.880105151515 24.239171190476 0.33630378719755
60.969416232323 24.239171190476 0.50364732485572
61.058727313131 24.239171190476 0.53910841339981
61.148038393939 24.239171190476 0.69976845851448
61.237349474747 24.239171190476 0.77831193419664
61.326660555556 24.239171190476 0.79843500157661
61.415971636364 24.239171190476 0.99189616680063
61.505282717172 24.239171190476 0.96104957698675
61.59459379798 24.239171190476 1.1250089665637
61.683904878788 24.239171190476 1.0840417725635
61.773215959596 24.239171190476 1.1688673681111
61.862527040404 24.239171190476 1.3204372219514
61.951838121212 24.239171190476 1.3956577584921
62.04114920202 24.239171190476 1.273935056167
62.130460282828 24.239171190476 1.4529006491484
62.219771363636 24.239171190476 1.5332730583596
62.309082444444 24.239171190476 1.396122421831
62.398393525253 24.239171190476 1.4160357197891
62.487704606061 24.239171190476 1.0220301234012
62.577015686869 24.239171190476 0.89596834422236
62.666326767677 24.239171190476 0.79369505465743
62.755637848485 24.239171190476 1.0079180415369
62.844948929293 24.239171190476 0.51175657340177
62.934260010101 24.239171190476 1.2934397645906
63.023571090909 24.239171190476 1.0076928819489
63.112882171717 24.239171190476 0.63506320814326
63.202193252525 24.239171190476 0.48834578040935
63.291504333333 24.239171190476 0.18139492986579
63.380815414141 24.239171190476 0.74900834775255
58.290083808081 24.326643285714 0.088586
58.379394888889 24.326643285714 0.095491989618842
58.468705969697 24.326643285714 0.099397576030831
58.558017050505 24.326643285714 0.10942951301265
58.647328131313 24.326643285714 0.10001370009981
58.736639212121 24.326643285714 0.10185750134789
58.825950292929 24.326643285714 0.11567008419653
58.915261373737 24.326643285714 0.12125473962697
59.004572454545 24.326643285714 0.14160788610841
59.093883535354 24.326643285714 0.12022377861838
59.183194616162 24.326643285714 0.12910333921951
59.27250569697 24.326643285714 0.12322659372508
59.361816777778 24.326643285714 0.1230553177978
59.451127858586 24.326643285714 0.12091636074427
59.540438939394 24.326643285714 0.13690676120531
59.629750020202 24.326643285714 0.15339217407542
59.71906110101 24.326643285714 0.28444278679069
59.808372181818 24.326643285714 0.19044628945608
59.897683262626 24.326643285714 0.15520879501753
59.986994343434 24.326643285714 0.22101101406508
60.076305424242 24.326643285714 0.23516575085114
60.165616505051 24.326643285714 0.26281378793453
60.254927585859 24.326643285714 0.25659905032743
60.344238666667 24.326643285714 0.3454582587169
60.433549747475 24.326643285714 0.37619894063083
60.522860828283 24.326643285714 0.3747739316536
60.612171909091 24.326643285714 0.45223813460766
60.701482989899 24.326643285714 0.50609573523611
60.790794070707 24.326643285714 0.51477817645448
60.880105151515 24.326643285714 0.61099857480546
60.969416232323 24.326643285714 0.67041652688783
61.058727313131 24.326643285714 0.8668569774189
61.148038393939 24.326643285714 0.96460775690752
61.237349474747 24.326643285714 1.1211391051717
61.326660555556 24.326643285714 1.359098860234
61.415971636364 24.326643285714 1.4479882864464
61.505282717172 24.326643285714 1.6625782163087
61.59459379798 24.326643285714 1.7457989861055
61.683904878788 24.326643285714 1.8396931091311
61.773215959596 24.326643285714 1.9419993284615
61.862527040404 24.326643285714 2.1249827156452
61.951838121212 24.326643285714 2.2506792660684
62.04114920202 24.326643285714 2.298017239561
62.130460282828 24.326643285714 2.2549250028175
62.219771363636 24.326643285714 2.1398741723299
62.309082444444 24.326643285714 2.0876129722864
62.398393525253 24.326643285714 2.2340766123958
62.487704606061 24.326643285714 2.1999203230067
62.577015686869 24.326643285714 2.2874737612531
62.666326767677 24.326643285714 2.4163231110641
62.755637848485 24.326643285714 2.2926930819105
62.844948929293 24.326643285714 2.1640111655564
62.934260010101 24.326643285714 2.1100464527806
63.023571090909 24.326643285714 1.6923979109668
63.112882171717 24.326643285714 1.5327271557172
63.202193252525 24.326643285714 1.5002429577971
63.291504333333 24.326643285714 1.2356341622082
63.380815414141 24.326643285714 0.95591882703622
63.470126494949 24.326643285714 0.66777051303812
63.559437575758 24.326643285714 0.64317055139064
63.648748656566 24.326643285714 0.87386979559644
63.738059737374 24.326643285714 0.58295293574411
63.827370818182 24.326643285714 0.59339687654709
63.91668189899 24.326643285714 0.5420834774652
64.005992979798 24.326643285714 0.72231607678699
64.095304060606 24.326643285714 0.57909390202788
64.184615141414 24.326643285714 0.43677844156457
64.273926222222 24.326643285714 0.39770991039195
64.36323730303 24.326643285714 0.14974725799401
64.452548383838 24.326643285714 0.41003129463145
57.754217323232 24.414115380952 0.11582711449586
57.84352840404 24.414115380952 0.116011
57.932839484848 24.414115380952 0.10826002068431
58.022150565657 24.414115380952 0.088341
58.111461646465 24.414115380952 0.08363151686306
58.200772727273 24.414115380952 0.072580236070556
58.290083808081 24.414115380952 0.097500456301591
58.379394888889 24.414115380952 0.096057592589878
58.468705969697 24.414115380952 0.098987876879134
58.558017050505 24.414115380952 0.10894151941516
58.647328131313 24.414115380952 0.11986017361377
58.736639212121 24.414115380952 0.1221164287212
58.825950292929 24.414115380952 0.12775228774599
58.915261373737 24.414115380952 0.14538251861497
59.004572454545 24.414115380952 0.14627382040428
59.093883535354 24.414115380952 0.14803902316843
59.183194616162 24.414115380952 0.4893166620793
59.27250569697 24.414115380952 0.64085390964876
59.361816777778 24.414115380952 0.28185095876263
59.451127858586 24.414115380952 0.49149517309303
59.540438939394 24.414115380952 0.26575408292483
59.629750020202 24.414115380952 0.22685055690582
59.71906110101 24.414115380952 0.36847727357509
59.808372181818 24.414115380952 0.49167493163305
59.897683262626 24.414115380952 0.38689487849563
59.986994343434 24.414115380952 0.44279659390083
60.076305424242 24.414115380952 0.49390532970492
60.165616505051 24.414115380952 0.56861670407698
60.254927585859 24.414115380952 0.68392705803553
60.344238666667 24.414115380952 0.83505638741861
60.433549747475 24.414115380952 0.64740728075983
60.522860828283 24.414115380952 0.64535727173681
60.612171909091 24.414115380952 0.87508122797168
60.701482989899 24.414115380952 1.1418528048185
60.790794070707 24.414115380952 1.1401762886121
60.880105151515 24.414115380952 1.1764615637555
60.969416232323 24.414115380952 1.1852472407609
61.058727313131 24.414115380952 1.5209451205738
61.148038393939 24.414115380952 1.4360790452397
61.237349474747 24.414115380952 1.6987898483324
61.326660555556 24.414115380952 1.9380181399729
61.415971636364 24.414115380952 2.0661784485422
61.505282717172 24.414115380952 2.2592295747361
61.59459379798 24.414115380952 2.4111691665771
61.683904878788 24.414115380952 2.8740565340706
61.773215959596 24.414115380952 2.5628878859644
61.862527040404 24.414115380952 2.6663613724009
61.951838121212 24.414115380952 2.7467158898204
62.04114920202 24.414115380952 2.8136612326506
62.130460282828 24.414115380952 2.8700099887636
62.219771363636 24.414115380952 2.907335210731
62.309082444444 24.414115380952 2.9447747994582
62.398393525253 24.414115380952 3.1559738299265
62.487704606061 24.414115380952 3.0274619141342
62.577015686869 24.414115380952 2.9044371113222
62.666326767677 24.414115380952 2.9996523136988
62.755637848485 24.414115380952 2.8973478088853
62.844948929293 24.414115380952 2.5986101203837
62.934260010101 24.414115380952 2.4720809156444
63.023571090909 24.414115380952 2.5274415183582
63.112882171717 24.414115380952 2.2189886176361
63.202193252525 24.414115380952 2.1789680008131
63.291504333333 24.414115380952 1.9966826237485
63.380815414141 24.414115380952 1.8740889975133
63.470126494949 24.414115380952 1.4650416874485
63.559437575758 24.414115380952 1.3723467956287
63.648748656566 24.414115380952 1.4324710777567
63.738059737374 24.414115380952 1.4026511152543
63.827370818182 24.414115380952 1.915112400103
63.91668189899 24.414115380952 1.4863552230239
64.005992979798 24.414115380952 1.1884463480404
64.095304060606 24.414115380952 0.9096257396713
64.184615141414 24.414115380952 0.67835419192108
64.273926222222 24.414115380952 0.69825493762694
64.36323730303 24.414115380952 1.0457126370695
64.452548383838 24.414115380952 0.38437017049288
64.541859464646 24.414115380952 0.16600446441683
64.631170545455 24.414115380952 0.14899365623065
64.720481626263 24.414115380952 0.13736118641567
64.809792707071 24.414115380952 0.19781222419303
64.899103787879 24.414115380952 0.14968170599167
64.988414868687 24.414115380952 0.12504605185365
65.077725949495 24.414115380952 0.128466
65.167037030303 24.414115380952 0.14554332037366
65.256348111111 24.414115380952 0.12148680779129
57.754217323232 24.50158747619 0.12614375222043
57.84352840404 24.50158747619 0.11604140118849
57.932839484848 24.50158747619 0.116011
58.022150565657 24.50158747619 0.088310340615208
58.111461646465 24.50158747619 0.085954492271405
58.200772727273 24.50158747619 0.10659288494382
58.290083808081 24.50158747619 0.12075655628475
58.379394888889 24.50158747619 0.12793775117793
58.468705969697 24.50158747619 0.14909726548972
58.558017050505 24.50158747619 0.1531508589162
58.647328131313 24.50158747619 0.16123580881875
58.736639212121 24.50158747619 0.4421678090472
58.825950292929 24.50158747619 0.44318820493086
58.915261373737 24.50158747619 0.41745300183002
59.004572454545 24.50158747619 0.26005066870884
59.093883535354 24.50158747619 0.25719921134866
59.183194616162 24.50158747619 0.7010204518273
59.27250569697 24.50158747619 0.86700982489706
59.361816777778 24.50158747619 1.0485294713398
59.451127858586 24.50158747619 1.2862237437497
59.540438939394 24.50158747619 0.97253433367824
59.629750020202 24.50158747619 0.91266715697671
59.71906110101 24.50158747619 0.86285943897504
59.808372181818 24.50158747619 0.77120235454756
59.897683262626 24.50158747619 0.81451422412193
59.986994343434 24.50158747619 0.75478740229056
60.076305424242 24.50158747619 0.9139219455785
60.165616505051 24.50158747619 0.92075378420111
60.254927585859 24.50158747619 1.0041701458628
60.344238666667 24.50158747619 1.0237301175787
60.433549747475 24.50158747619 1.0484814312423
60.522860828283 24.50158747619 1.2282201036964
60.612171909091 24.50158747619 1.2621052630263
60.701482989899 24.50158747619 1.3959550611249
60.790794070707 24.50158747619 1.478619989582
60.880105151515 24.50158747619 1.9171237418669
60.969416232323 24.50158747619 1.4314733491854
61.058727313131 24.50158747619 1.8565193017506
61.148038393939 24.50158747619 1.9889171485525
61.237349474747 24.50158747619 2.1807203824761
61.326660555556 24.50158747619 2.429267371863
61.415971636364 24.50158747619 2.6534736201437
61.505282717172 24.50158747619 2.744627752997
61.59459379798 24.50158747619 3.1498974743011
61.683904878788 24.50158747619 3.4030505590609
61.773215959596 24.50158747619 3.549361400074
61.862527040404 24.50158747619 3.6129913148312
61.951838121212 24.50158747619 3.5264652135178
62.04114920202 24.50158747619 3.4519559605365
62.130460282828 24.50158747619 3.5651121203746
62.219771363636 24.50158747619 3.5899659405443
62.309082444444 24.50158747619 3.7675969116197
62.398393525253 24.50158747619 3.6905114865004
62.487704606061 24.50158747619 3.6215195832851
62.577015686869 24.50158747619 3.5503966011062
62.666326767677 24.50158747619 3.6270558413107
62.755637848485 24.50158747619 3.4284499217913
62.844948929293 24.50158747619 3.3797228201347
62.934260010101 24.50158747619 3.2861604786705
63.023571090909 24.50158747619 3.1610112335266
63.112882171717 24.50158747619 3.3043383380818
63.202193252525 24.50158747619 3.0657348386002
63.291504333333 24.50158747619 2.7613201922637
63.380815414141 24.50158747619 2.7188638866954
63.470126494949 24.50158747619 2.3875731988497
63.559437575758 24.50158747619 2.2055200749468
63.648748656566 24.50158747619 2.1172423946168
63.738059737374 24.50158747619 2.4336735437844
63.827370818182 24.50158747619 2.7625747083901
63.91668189899 24.50158747619 2.4073182123739
64.005992979798 24.50158747619 2.0031893468514
64.095304060606 24.50158747619 2.0598921357708
64.184615141414 24.50158747619 1.7608890569599
64.273926222222 24.50158747619 1.570432930866
64.36323730303 24.50158747619 1.4124325919945
64.452548383838 24.50158747619 1.7238858928297
64.541859464646 24.50158747619 1.7652275818903
64.631170545455 24.50158747619 1.528728013224
64.720481626263 24.50158747619 0.5307777261257
64.809792707071 24.50158747619 0.34371524377277
64.899103787879 24.50158747619 0.46879507524505
64.988414868687 24.50158747619 0.18095186493351
65.077725949495 24.50158747619 0.14858234260453
65.167037030303 24.50158747619 0.13457305303534
65.256348111111 24.50158747619 0.12400835968801
65.345659191919 24.50158747619 0.12673711908028
65.434970272727 24.50158747619 0.1243551709544
65.524281353535 24.50158747619 0.12334704945298
57.664906242424 24.589059571429 0.13248266236848
57.754217323232 24.589059571429 0.125892
57.84352840404 24.589059571429 0.11476894414858
57.932839484848 24.589059571429 0.11568264980866
58.022150565657 24.589059571429 0.12734551691972
58.111461646465 24.589059571429 0.13929189041789
58.200772727273 24.589059571429 0.18838704277182
58.290083808081 24.589059571429 0.36693459248433
58.379394888889 24.589059571429 0.36053656265628
58.468705969697 24.589059571429 0.63602428923606
58.558017050505 24.589059571429 0.49460741373347
58.647328131313 24.589059571429 0.57610780521601
58.736639212121 24.589059571429 1.0518711637137
58.825950292929 24.589059571429 0.91188886425873
58.915261373737 24.589059571429 0.74434072075976
59.004572454545 24.589059571429 0.94339394323593
59.093883535354 24.589059571429 1.1071394120593
59.183194616162 24.589059571429 1.1077898978546
59.27250569697 24.589059571429 1.0938744292122
59.361816777778 24.589059571429 1.3870897380398
59.451127858586 24.589059571429 1.0723239023018
59.540438939394 24.589059571429 1.2411679279876
59.629750020202 24.589059571429 1.437222309945
59.71906110101 24.589059571429 1.3443207325443
59.808372181818 24.589059571429 1.282819260378
59.897683262626 24.589059571429 1.3015140150453
59.986994343434 24.589059571429 1.3256419729434
60.076305424242 24.589059571429 1.3151764278894
60.165616505051 24.589059571429 1.4115726504174
60.254927585859 24.589059571429 1.5154350945032
60.344238666667 24.589059571429 1.5544182402557
60.433549747475 24.589059571429 1.5961703112374
60.522860828283 24.589059571429 1.6444557101574
60.612171909091 24.589059571429 1.803313994885
60.701482989899 24.589059571429 1.8932997825417
60.790794070707 24.589059571429 1.9095067290349
60.880105151515 24.589059571429 2.2456333539227
60.969416232323 24.589059571429 2.1047628615904
61.058727313131 24.589059571429 2.4131521374367
61.148038393939 24.589059571429 2.5494323544234
61.237349474747 24.589059571429 2.7675100324569
61.326660555556 24.589059571429 3.0172768472442
61.415971636364 24.589059571429 3.3278027862197
61.505282717172 24.589059571429 3.6287213465536
61.59459379798 24.589059571429 3.8259647300082
61.683904878788 24.589059571429 4.0396804210102
61.773215959596 24.589059571429 4.1568881244361
61.862527040404 24.589059571429 4.371650635044
61.951838121212 24.589059571429 4.4832341123785
62.04114920202 24.589059571429 4.3669672425455
62.130460282828 24.589059571429 4.3401414157408
62.219771363636 24.589059571429 4.3820400315619
62.309082444444 24.589059571429 4.4194581695969
62.398393525253 24.589059571429 4.43121846494
62.487704606061 24.589059571429 4.5570272544101
62.577015686869 24.589059571429 4.5112079486162
62.666326767677 24.589059571429 4.2387600872679
62.755637848485 24.589059571429 4.1761876556351
62.844948929293 24.589059571429 4.4706769798285
62.934260010101 24.589059571429 4.3643079526369
63.023571090909 24.589059571429 4.0323789040786
63.112882171717 24.589059571429 3.779419287252
63.202193252525 24.589059571429 3.7317302950133
63.291504333333 24.589059571429 3.6102766864454
63.380815414141 24.589059571429 3.6485412805131
63.470126494949 24.589059571429 3.4168995639816
63.559437575758 24.589059571429 3.4256666519501
63.648748656566 24.589059571429 2.9986251110153
63.738059737374 24.589059571429 2.8717550303924
63.827370818182 24.589059571429 3.0129065420378
63.91668189899 24.589059571429 2.8486482299705
64.005992979798 24.589059571429 2.6377361076779
64.095304060606 24.589059571429 2.9039939791124
64.184615141414 24.589059571429 3.0896768342743
64.273926222222 24.589059571429 2.6872263492525
64.36323730303 24.589059571429 2.6018332155942
64.452548383838 24.589059571429 2.7263722896729
64.541859464646 24.589059571429 2.9990404715986
64.631170545455 24.589059571429 3.0151821095213
64.720481626263 24.589059571429 1.6860176037138
64.809792707071 24.589059571429 1.6390666888876
64.899103787879 24.589059571429 1.6534809121812
64.988414868687 24.589059571429 1.3245038350246
65.077725949495 24.589059571429 1.2282354439717
65.167037030303 24.589059571429 0.79621170238481
65.256348111111 24.589059571429 0.27105664483568
65.345659191919 24.589059571429 0.14732773002659
65.434970272727 24.589059571429 0.1406123103649
65.524281353535 24.589059571429 0.12926652587594
65.613592434343 24.589059571429 0.13322075892102
65.702903515152 24.589059571429 0.13751404012598
57.664906242424 24.676531666667 0.13316
57.754217323232 24.676531666667 0.13196387629063
57.84352840404 24.676531666667 0.1317479618548
57.932839484848 24.676531666667 0.14283851893902
58.022150565657 24.676531666667 0.17481566075552
58.111461646465 24.676531666667 0.38219873714879
58.200772727273 24.676531666667 0.61118918645352
58.290083808081 24.676531666667 0.79720193532058
58.379394888889 24.676531666667 0.99095291498937
58.468705969697 24.676531666667 1.0399481810902
58.558017050505 24.676531666667 1.1265624607897
58.647328131313 24.676531666667 1.1858422805991
58.736639212121 24.676531666667 1.1283175410089
58.825950292929 24.676531666667 1.3242634258154
58.915261373737 24.676531666667 1.3981368798714
59.004572454545 24.676531666667 1.584499610138
59.093883535354 24.676531666667 1.7044507117982
59.183194616162 24.676531666667 1.6603002967723
59.27250569697 24.676531666667 1.8509395016341
59.361816777778 24.676531666667 1.8723642984378
59.451127858586 24.676531666667 2.0133659579727
59.540438939394 24.676531666667 1.9033715949132
59.629750020202 24.676531666667 1.7663844136385
59.71906110101 24.676531666667 1.7323178856087
59.808372181818 24.676531666667 2.0327932482864
59.897683262626 24.676531666667 2.2303842700939
59.986994343434 24.676531666667 2.2809760656868
60.076305424242 24.676531666667 2.0818954127668
60.165616505051 24.676531666667 2.3169420363865
60.254927585859 24.676531666667 2.3237264044406
60.344238666667 24.676531666667 2.4433705544535
60.433549747475 24.676531666667 2.5038711626998
60.522860828283 24.676531666667 2.5369636700891
60.612171909091 24.676531666667 2.6930714161777
60.701482989899 24.676531666667 2.5506046203402
60.790794070707 24.676531666667 2.3959651057065
60.880105151515 24.676531666667 2.506742208728
60.969416232323 24.676531666667 2.6533838214999
61.058727313131 24.676531666667 2.8231769771995
61.148038393939 24.676531666667 3.0494903638208
61.237349474747 24.676531666667 3.4524357216579
61.326660555556 24.676531666667 3.9356901030771
61.415971636364 24.676531666667 4.2668372621535
61.505282717172 24.676531666667 4.4843782230895
61.59459379798 24.676531666667 4.7646331606767
61.683904878788 24.676531666667 4.9492364246499
61.773215959596 24.676531666667 4.9645968784545
61.862527040404 24.676531666667 5.2189028475869
61.951838121212 24.676531666667 5.3165822298935
62.04114920202 24.676531666667 5.2999274953484
62.130460282828 24.676531666667 5.4812130422036
62.219771363636 24.676531666667 5.4331288024115
62.309082444444 24.676531666667 5.2634908763813
62.398393525253 24.676531666667 5.2130801227416
62.487704606061 24.676531666667 5.2436810054756
62.577015686869 24.676531666667 5.1763633176787
62.666326767677 24.676531666667 5.0140835864049
62.755637848485 24.676531666667 5.0744382859787
62.844948929293 24.676531666667 5.1702651724658
62.934260010101 24.676531666667 5.3267126421977
63.023571090909 24.676531666667 5.0217262056211
63.112882171717 24.676531666667 5.0390622044557
63.202193252525 24.676531666667 4.8330510813014
63.291504333333 24.676531666667 4.9656784430264
63.380815414141 24.676531666667 4.6026773618593
63.470126494949 24.676531666667 4.3358275226809
63.559437575758 24.676531666667 4.2190947936388
63.648748656566 24.676531666667 4.1398929741434
63.738059737374 24.676531666667 4.1666729833406
63.827370818182 24.676531666667 4.1832214092549
63.91668189899 24.676531666667 4.0863600789839
64.005992979798 24.676531666667 4.0934834958902
64.095304060606 24.676531666667 3.9395456891966
64.184615141414 24.676531666667 3.7080199897708
64.273926222222 24.676531666667 3.5943656091362
64.36323730303 24.676531666667 3.4682926961399
64.452548383838 24.676531666667 3.7100593889094
64.541859464646 24.676531666667 3.7695434134915
64.631170545455 24.676531666667 3.5438443592683
64.720481626263 24.676531666667 3.0909711772717
64.809792707071 24.676531666667 2.5101418735448
64.899103787879 24.676531666667 2.3367464301055
64.988414868687 24.676531666667 2.1743656487733
65.077725949495 24.676531666667 2.0144001916901
65.167037030303 24.676531666667 1.3566837301988
65.256348111111 24.676531666667 1.0376272109092
65.345659191919 24.676531666667 0.74036406289785
65.434970272727 24.676531666667 0.60898993535657
65.524281353535 24.676531666667 0.38647130426735
65.613592434343 24.676531666667 0.27901062244343
65.702903515152 24.676531666667 0.25351084266365
65.79221459596 24.676531666667 0.41528960353344
65.881525676768 24.676531666667 0.259147
65.970836757576 24.676531666667 0.79083862705494
57.664906242424 24.764003761905 0.22978907619065
57.754217323232 24.764003761905 0.15584766372646
57.84352840404 24.764003761905 0.1541355953609
57.932839484848 24.764003761905 0.43238326235601
58.022150565657 24.764003761905 0.55651201858728
58.111461646465 24.764003761905 0.76272666232124
58.200772727273 24.764003761905 1.0805457955498
58.290083808081 24.764003761905 1.1097992256297
58.379394888889 24.764003761905 1.3715171215252
58.468705969697 24.764003761905 1.3307480476981
58.558017050505 24.764003761905 1.220280929543
58.647328131313 24.764003761905 1.5793984200344
58.736639212121 24.764003761905 1.5350872273152
58.825950292929 24.764003761905 1.734321212657
58.915261373737 24.764003761905 1.8649427653732
59.004572454545 24.764003761905 2.0724916238286
59.093883535354 24.764003761905 2.1251295911087
59.183194616162 24.764003761905 2.2319322125816
59.27250569697 24.764003761905 2.2083528052319
59.361816777778 24.764003761905 2.4758903953426
59.451127858586 24.764003761905 2.508723202473
59.540438939394 24.764003761905 2.886645017681
59.629750020202 24.764003761905 3.1471463182971
59.71906110101 24.764003761905 2.6634561100294
59.808372181818 24.764003761905 2.7407807481144
59.897683262626 24.764003761905 2.8990495966184
59.986994343434 24.764003761905 2.8032550435506
60.076305424242 24.764003761905 2.8268169051411
60.165616505051 24.764003761905 2.782916471299
60.254927585859 24.764003761905 2.8817071872301
60.344238666667 24.764003761905 3.0487066910988
60.433549747475 24.764003761905 2.901952131504
60.522860828283 24.764003761905 2.9761610647731
60.612171909091 24.764003761905 3.0637243459039
60.701482989899 24.764003761905 3.3901782690655
60.790794070707 24.764003761905 3.5265684096899
60.880105151515 24.764003761905 3.5627261819002
60.969416232323 24.764003761905 3.4935388367544
61.058727313131 24.764003761905 3.5418484281372
61.148038393939 24.764003761905 4.0438352765452
61.237349474747 24.764003761905 4.4550132176766
61.326660555556 24.764003761905 4.854160348099
61.415971636364 24.764003761905 5.3705634619636
61.505282717172 24.764003761905 5.8424484308759
61.59459379798 24.764003761905 6.0064925287357
61.683904878788 24.764003761905 6.1384676867266
61.773215959596 24.764003761905 6.087517835516
61.862527040404 24.764003761905 6.374762794258
61.951838121212 24.764003761905 6.3328250879767
62.04114920202 24.764003761905 6.3663911322967
62.130460282828 24.764003761905 6.4265412760426
62.219771363636 24.764003761905 6.3557551129354
62.309082444444 24.764003761905 6.2308013306257
62.398393525253 24.764003761905 6.2634720606788
62.487704606061 24.764003761905 6.0380572675233
62.577015686869 24.764003761905 6.3395852479308
62.666326767677 24.764003761905 5.9957209580234
62.755637848485 24.764003761905 5.8344724819951
62.844948929293 24.764003761905 5.7974840310169
62.934260010101 24.764003761905 5.8480878298642
63.023571090909 24.764003761905 5.8226939087314
63.112882171717 24.764003761905 5.6224820158558
63.202193252525 24.764003761905 5.679960977637
63.291504333333 24.764003761905 5.8484975605269
63.380815414141 24.764003761905 5.5599274578558
63.470126494949 24.764003761905 5.2943570532324
63.559437575758 24.764003761905 5.0209544447949
63.648748656566 24.764003761905 5.1269710064879
63.738059737374 24.764003761905 5.5645436778625
63.827370818182 24.764003761905 5.4118407255089
63.91668189899 24.764003761905 5.2539893368633
64.005992979798 24.764003761905 5.1887248018612
64.095304060606 24.764003761905 4.8932995086635
64.184615141414 24.764003761905 4.4716005804318
64.273926222222 24.764003761905 4.5166031847128
64.36323730303 24.764003761905 4.2545163316268
64.452548383838 24.764003761905 4.3824459649506
64.541859464646 24.764003761905 4.3025277086664
64.631170545455 24.764003761905 3.9932920557922
64.720481626263 24.764003761905 3.6886065123795
64.809792707071 24.764003761905 3.0209014835271
64.899103787879 24.764003761905 3.0194128913175
64.988414868687 24.764003761905 3.0283756299149
65.077725949495 24.764003761905 2.8594529198153
65.167037030303 24.764003761905 2.1987382416308
65.256348111111 24.764003761905 1.8648486860234
65.345659191919 24.764003761905 1.6448853189383
65.434970272727 24.764003761905 1.7587442977345
65.524281353535 24.764003761905 1.46293916985
65.613592434343 24.764003761905 1.1097101402635
65.702903515152 24.764003761905 0.87546812991873
65.79221459596 24.764003761905 0.68870515287832
65.881525676768 24.764003761905 0.71646517709921
65.970836757576 24.764003761905 0.79746701868965
66.060147838384 24.764003761905 0.78911824746321
57.664906242424 24.851475857143 0.49296639165882
57.754217323232 24.851475857143 0.62740797194216
57.84352840404 24.851475857143 0.75687437174284
57.932839484848 24.851475857143 0.9502156422299
58.022150565657 24.851475857143 1.1332897902439
58.111461646465 24.851475857143 1.4069951183603
58.200772727273 24.851475857143 1.4036758222572
58.290083808081 24.851475857143 1.526581959943
58.379394888889 24.851475857143 1.6197978336898
58.468705969697 24.851475857143 1.8904158653299
58.558017050505 24.851475857143 1.8940715267446
58.647328131313 24.851475857143 1.9945586773448
58.736639212121 24.851475857143 2.3093052030881
58.825950292929 24.851475857143 2.5861570151155
58.915261373737 24.851475857143 2.8357676364178
59.004572454545 24.851475857143 2.9170370316245
59.093883535354 24.851475857143 3.0417982343973
59.183194616162 24.851475857143 3.059715605096
59.27250569697 24.851475857143 3.0118283504965
59.361816777778 24.851475857143 3.1965244278036
59.451127858586 24.851475857143 3.1400937259944
59.540438939394 24.851475857143 3.2741238586709
59.629750020202 24.851475857143 3.2816259731469
59.71906110101 24.851475857143 3.2112220497685
59.808372181818 24.851475857143 3.4099002765353
59.897683262626 24.851475857143 3.3834035441744
59.986994343434 24.851475857143 3.3372650434514
60.076305424242 24.851475857143 3.4692430527414
60.165616505051 24.851475857143 3.3248767135521
60.254927585859 24.851475857143 3.4909379268869
60.344238666667 24.851475857143 3.6286895623675
60.433549747475 24.851475857143 3.6392566790551
60.522860828283 24.851475857143 3.8573842577196
60.612171909091 24.851475857143 3.9794732274094
60.701482989899 24.851475857143 4.0537672699283
60.790794070707 24.851475857143 4.1434575327859
60.880105151515 24.851475857143 4.3239108704979
60.969416232323 24.851475857143 4.217681048591
61.058727313131 24.851475857143 4.4451326940906
61.148038393939 24.851475857143 5.3085815944007
61.237349474747 24.851475857143 5.7295469062021
61.326660555556 24.851475857143 5.952616171793
61.415971636364 24.851475857143 6.4901002816161
61.505282717172 24.851475857143 6.7649081749838
61.59459379798 24.851475857143 7.0352808472649
61.683904878788 24.851475857143 7.2554869305238
61.773215959596 24.851475857143 7.38112013717
61.862527040404 24.851475857143 7.5972879225905
61.951838121212 24.851475857143 7.7211782476822
62.04114920202 24.851475857143 7.8035935188293
62.130460282828 24.851475857143 7.7813724477534
62.219771363636 24.851475857143 7.7156832602395
62.309082444444 24.851475857143 7.3625140115517
62.398393525253 24.851475857143 7.1657616525455
62.487704606061 24.851475857143 7.2741778127259
62.577015686869 24.851475857143 7.2280146253041
62.666326767677 24.851475857143 7.104660049811
62.755637848485 24.851475857143 7.1767511426031
62.844948929293 24.851475857143 7.3068632938928
62.934260010101 24.851475857143 7.3062968866721
63.023571090909 24.851475857143 7.1647799996533
63.112882171717 24.851475857143 6.8716188337581
63.202193252525 24.851475857143 6.9364026583184
63.291504333333 24.851475857143 6.7214044057922
63.380815414141 24.851475857143 6.3498700346514
63.470126494949 24.851475857143 6.2520841266352
63.559437575758 24.851475857143 6.1846125337238
63.648748656566 24.851475857143 6.2320907831121
63.738059737374 24.851475857143 6.7950206541396
63.827370818182 24.851475857143 6.7382945079275
63.91668189899 24.851475857143 6.354480232292
64.005992979798 24.851475857143 6.0678974479012
64.095304060606 24.851475857143 5.8549917341331
64.184615141414 24.851475857143 5.7586402307103
64.273926222222 24.851475857143 5.5691991392187
64.36323730303 24.851475857143 5.3812578608901
64.452548383838 24.851475857143 5.6716785398402
64.541859464646 24.851475857143 5.2972546051947
64.631170545455 24.851475857143 5.0324507407857
64.720481626263 24.851475857143 4.3221679773627
64.809792707071 24.851475857143 3.683323490762
64.899103787879 24.851475857143 3.3656680873231
64.988414868687 24.851475857143 3.4206936791724
65.077725949495 24.851475857143 3.0103206376091
65.167037030303 24.851475857143 2.8043621539196
65.256348111111 24.851475857143 2.4190569923776
65.345659191919 24.851475857143 2.2056839051313
65.434970272727 24.851475857143 2.1600788133379
65.524281353535 24.851475857143 2.124037396721
65.613592434343 24.851475857143 2.0604702476865
65.702903515152 24.851475857143 1.6060246641306
65.79221459596 24.851475857143 1.2120175519385
65.881525676768 24.851475857143 1.246849613529
65.970836757576 24.851475857143 1.1938843861227
66.060147838384 24.851475857143 1.0354368181581
57.664906242424 24.938947952381 0.90673033162861
57.754217323232 24.938947952381 1.2293457656817
57.84352840404 24.938947952381 1.5159200727531
57.932839484848 24.938947952381 1.5667142607627
58.022150565657 24.938947952381 1.7512977789359
58.111461646465 24.938947952381 1.9081953657122
58.200772727273 24.938947952381 1.997614039973
58.290083808081 24.938947952381 2.2043557456705
58.379394888889 24.938947952381 2.2429339441138
58.468705969697 24.938947952381 2.364760230927
58.558017050505 24.938947952381 2.4796611186278
58.647328131313 24.938947952381 2.8264669072815
58.736639212121 24.938947952381 3.1154585462143
58.825950292929 24.938947952381 3.2289887873177
58.915261373737 24.938947952381 3.3225257750038
59.004572454545 24.938947952381 3.4445874762009
59.093883535354 24.938947952381 3.4557440561865
59.183194616162 24.938947952381 3.4468454681499
59.27250569697 24.938947952381 3.7539475902651
59.361816777778 24.938947952381 3.7557061957346
59.451127858586 24.938947952381 3.712381375729
59.540438939394 24.938947952381 3.6659336135187
59.629750020202 24.938947952381 3.6921148822421
59.71906110101 24.938947952381 3.9253709290777
59.808372181818 24.938947952381 3.8761046420709
59.897683262626 24.938947952381 3.9683745012936
59.986994343434 24.938947952381 3.9845206501835
60.076305424242 24.938947952381 4.1288519735631
60.165616505051 24.938947952381 4.0738738781751
60.254927585859 24.938947952381 4.2376983388789
60.344238666667 24.938947952381 4.3252692970283
60.433549747475 24.938947952381 4.472471756966
60.522860828283 24.938947952381 4.5915262334088
60.612171909091 24.938947952381 4.7419586582371
60.701482989899 24.938947952381 4.9058588162495
60.790794070707 24.938947952381 5.1597315276785
60.880105151515 24.938947952381 5.1517533088101
60.969416232323 24.938947952381 5.419569760066
61.058727313131 24.938947952381 5.8386690643551
61.148038393939 24.938947952381 6.2549623650976
61.237349474747 24.938947952381 6.6211255909551
61.326660555556 24.938947952381 6.8860283905711
61.415971636364 24.938947952381 7.1430088181889
61.505282717172 24.938947952381 7.40978547031
61.59459379798 24.938947952381 7.6829848430326
61.683904878788 24.938947952381 7.9560889461717
61.773215959596 24.938947952381 8.1950576670688
61.862527040404 24.938947952381 8.4044243284746
61.951838121212 24.938947952381 8.5951858048185
62.04114920202 24.938947952381 8.7549246445128
62.130460282828 24.938947952381 8.8627327872829
62.219771363636 24.938947952381 8.7887175926155
62.309082444444 24.938947952381 8.5661291678623
62.398393525253 24.938947952381 8.4440651302186
62.487704606061 24.938947952381 8.611236923827
62.577015686869 24.938947952381 8.327907756882
62.666326767677 24.938947952381 8.4921098846585
62.755637848485 24.938947952381 8.4229391092174
62.844948929293 24.938947952381 8.3693740554217
62.934260010101 24.938947952381 8.3725292120664
63.023571090909 24.938947952381 8.3084763232973
63.112882171717 24.938947952381 8.1339263539775
63.202193252525 24.938947952381 7.9500899199819
63.291504333333 24.938947952381 7.9445886938688
63.380815414141 24.938947952381 7.7090477887287
63.470126494949 24.938947952381 7.5657524147554
63.559437575758 24.938947952381 7.6152594332343
63.648748656566 24.938947952381 7.5453987653339
63.738059737374 24.938947952381 7.6687798033067
63.827370818182 24.938947952381 7.6654550382967
63.91668189899 24.938947952381 7.5700472455268
64.005992979798 24.938947952381 7.2218704405855
64.095304060606 24.938947952381 7.0313406645737
64.184615141414 24.938947952381 7.0793941637735
64.273926222222 24.938947952381 6.8359736197001
64.36323730303 24.938947952381 6.5924103709922
64.452548383838 24.938947952381 6.4816965483975
64.541859464646 24.938947952381 6.3097979099704
64.631170545455 24.938947952381 5.9352884810413
64.720481626263 24.938947952381 5.1441278823948
64.809792707071 24.938947952381 4.8385272918096
64.899103787879 24.938947952381 4.5348670350404
64.988414868687 24.938947952381 4.0973321191578
65.077725949495 24.938947952381 3.7415986502288
65.167037030303 24.938947952381 3.6073712055425
65.256348111111 24.938947952381 3.3585994257438
65.345659191919 24.938947952381 3.1172382741758
65.434970272727 24.938947952381 2.9328805201862
65.524281353535 24.938947952381 2.9724816789134
65.613592434343 24.938947952381 2.817406406533
65.702903515152 24.938947952381 2.6935490837861
65.79221459596 24.938947952381 2.3209802808077
65.881525676768 24.938947952381 2.1994171348011
65.970836757576 24.938947952381 2.0756344370663
66.060147838384 24.938947952381 1.6378356483316
57.575595161616 25.026420047619 1.3986380742393
57.664906242424 25.026420047619 1.5890473649091
57.754217323232 25.026420047619 1.9462612536907
57.84352840404 25.026420047619 2.0547088583546
57.932839484848 25.026420047619 2.1924378365574
58.022150565657 25.026420047619 2.2321537192686
58.111461646465 25.026420047619 2.6170001752716
58.200772727273 25.026420047619 2.7291076281253
58.290083808081 25.026420047619 2.9475603833762
58.379394888889 25.026420047619 3.1008420093633
58.468705969697 25.026420047619 3.1299388974825
58.558017050505 25.026420047619 3.2563896765861
58.647328131313 25.026420047619 3.3971012451352
58.736639212121 25.026420047619 3.6739479784982
58.825950292929 25.026420047619 3.8940059861163
58.915261373737 25.026420047619 3.895643987108
59.004572454545 25.026420047619 4.0093273232401
59.093883535354 25.026420047619 4.1529886295886
59.183194616162 25.026420047619 4.2801349273077
59.27250569697 25.026420047619 4.2575114063009
59.361816777778 25.026420047619 4.305782773389
59.451127858586 25.026420047619 4.3598609722758
59.540438939394 25.026420047619 4.327475206858
59.629750020202 25.026420047619 4.3257930039181
59.71906110101 25.026420047619 4.5656319421752
59.808372181818 25.026420047619 4.4810061541175
59.897683262626 25.026420047619 4.6746964533992
59.986994343434 25.026420047619 4.8241957022418
60.076305424242 25.026420047619 4.9083405431355
60.165616505051 25.026420047619 5.0088613242911
60.254927585859 25.026420047619 5.2657614670383
60.344238666667 25.026420047619 5.4424342438758
60.433549747475 25.026420047619 5.4875716549618
60.522860828283 25.026420047619 5.7549906117221
60.612171909091 25.026420047619 5.7188548746627
60.701482989899 25.026420047619 6.012459334929
60.790794070707 25.026420047619 6.2045305585093
60.880105151515 25.026420047619 6.1127150535702
60.969416232323 25.026420047619 6.5397661245249
61.058727313131 25.026420047619 6.8898857591697
61.148038393939 25.026420047619 7.1163777601381
61.237349474747 25.026420047619 7.3215579827047
61.326660555556 25.026420047619 7.5438108901818
61.415971636364 25.026420047619 7.7899757566213
61.505282717172 25.026420047619 8.0531477355532
61.59459379798 25.026420047619 8.326079097877
61.683904878788 25.026420047619 8.6053128122574
61.773215959596 25.026420047619 8.896055813079
61.862527040404 25.026420047619 9.1059012740589
61.951838121212 25.026420047619 9.302648285676
62.04114920202 25.026420047619 9.4724288017288
62.130460282828 25.026420047619 9.6041671474619
62.219771363636 25.026420047619 9.6891274962074
62.309082444444 25.026420047619 9.7297057919496
62.398393525253 25.026420047619 9.6766819038648
62.487704606061 25.026420047619 9.630415340887
62.577015686869 25.026420047619 9.6031053502419
62.666326767677 25.026420047619 9.5736938647653
62.755637848485 25.026420047619 9.4821448239039
62.844948929293 25.026420047619 9.3767771688301
62.934260010101 25.026420047619 9.2635213634535
63.023571090909 25.026420047619 9.1465629528844
63.112882171717 25.026420047619 9.0341608555769
63.202193252525 25.026420047619 8.927184576759
63.291504333333 25.026420047619 8.8236166292134
63.380815414141 25.026420047619 8.7367182631171
63.470126494949 25.026420047619 8.666146084074
63.559437575758 25.026420047619 8.6118423242449
63.648748656566 25.026420047619 8.5676183307517
63.738059737374 25.026420047619 8.5178992174371
63.827370818182 25.026420047619 8.4875542122632
63.91668189899 25.026420047619 8.4483207929461
64.005992979798 25.026420047619 8.3929442005028
64.095304060606 25.026420047619 8.3224280229694
64.184615141414 25.026420047619 8.2244281966374
64.273926222222 25.026420047619 8.0882042070667
64.36323730303 25.026420047619 7.9125834755953
64.452548383838 25.026420047619 7.7008803417413
64.541859464646 25.026420047619 7.4482307062856
64.631170545455 25.026420047619 7.0488158321502
64.720481626263 25.026420047619 6.5258124220817
64.809792707071 25.026420047619 6.0676271729872
64.899103787879 25.026420047619 5.735392415714
64.988414868687 25.026420047619 5.2645863139804
65.077725949495 25.026420047619 4.6052742884261
65.167037030303 25.026420047619 4.2821793741396
65.256348111111 25.026420047619 4.1747744549506
65.345659191919 25.026420047619 3.9163762380034
65.434970272727 25.026420047619 4.0766536047812
65.524281353535 25.026420047619 3.9306813751769
65.613592434343 25.026420047619 3.6404229226827
65.702903515152 25.026420047619 3.357059519541
65.79221459596 25.026420047619 3.0589898159731
65.881525676768 25.026420047619 2.7980608064782
65.970836757576 25.026420047619 2.5855293091664
66.060147838384 25.026420047619 2.4593026530118
57.575595161616 25.113892142857 2.6946870453501
57.664906242424 25.113892142857 2.3964829174214
57.754217323232 25.113892142857 2.665825147693
57.84352840404 25.113892142857 2.7652448191158
57.932839484848 25.113892142857 3.0370736045075
58.022150565657 25.113892142857 3.2843011139725
58.111461646465 25.113892142857 3.3125460010083
58.200772727273 25.113892142857 3.7179285173098
58.290083808081 25.113892142857 3.976700920895
58.379394888889 25.113892142857 4.0925791348266
58.468705969697 25.113892142857 4.190912266029
58.558017050505 25.113892142857 4.2576227568758
58.647328131313 25.113892142857 4.1987421630798
58.736639212121 25.113892142857 4.5262322646122
58.825950292929 25.113892142857 4.6037094879651
58.915261373737 25.113892142857 4.50429121805
59.004572454545 25.113892142857 4.6366771761722
59.093883535354 25.113892142857 4.7581599468037
59.183194616162 25.113892142857 4.9224832168478
59.27250569697 25.113892142857 5.0710427994448
59.361816777778 25.113892142857 5.1805435316583
59.451127858586 25.113892142857 5.3444973896451
59.540438939394 25.113892142857 5.4445409891208
59.629750020202 25.113892142857 5.1792649795468
59.71906110101 25.113892142857 5.5083078892946
59.808372181818 25.113892142857 5.4388282924384
59.897683262626 25.113892142857 5.6585784712085
59.986994343434 25.113892142857 5.91684286455
60.076305424242 25.113892142857 6.0697989765413
60.165616505051 25.113892142857 6.1208785121765
60.254927585859 25.113892142857 6.3687232806501
60.344238666667 25.113892142857 6.7043141469634
60.433549747475 25.113892142857 6.8239558628536
60.522860828283 25.113892142857 6.9441090656168
60.612171909091 25.113892142857 7.0261737319293
60.701482989899 25.113892142857 7.063560105291
60.790794070707 25.113892142857 7.2159206481421
60.880105151515 25.113892142857 7.2955427807523
60.969416232323 25.113892142857 7.5046598386843
61.058727313131 25.113892142857 7.6848052709138
61.148038393939 25.113892142857 7.8422283957158
61.237349474747 25.113892142857 8.0362934523617
61.326660555556 25.113892142857 8.2499287645175
61.415971636364 25.113892142857 8.4862324839643
61.505282717172 25.113892142857 8.7036221613216
61.59459379798 25.113892142857 8.9675243478881
61.683904878788 25.113892142857 9.238165466738
61.773215959596 25.113892142857 9.5149903178256
61.862527040404 25.113892142857 9.7985124870218
61.951838121212 25.113892142857 9.9696582098297
62.04114920202 25.113892142857 10.151727926152
62.130460282828 25.113892142857 10.259501820264
62.219771363636 25.113892142857 10.347442754938
62.309082444444 25.113892142857 10.484637939591
62.398393525253 25.113892142857 10.405774396193
62.487704606061 25.113892142857 10.371601924554
62.577015686869 25.113892142857 10.317362156617
62.666326767677 25.113892142857 10.238565914389
62.755637848485 25.113892142857 10.146818503921
62.844948929293 25.113892142857 10.044416778325
62.934260010101 25.113892142857 9.9314522341291
63.023571090909 25.113892142857 9.8210748517743
63.112882171717 25.113892142857 9.7078616788971
63.202193252525 25.113892142857 9.596498690222
63.291504333333 25.113892142857 9.5149500406154
63.380815414141 25.113892142857 9.4395560990777
63.470126494949 25.113892142857 9.380965529415
63.559437575758 25.113892142857 9.3322357636522
63.648748656566 25.113892142857 9.2947457267453
63.738059737374 25.113892142857 9.267493845701
63.827370818182 25.113892142857 9.2483078755245
63.91668189899 25.113892142857 9.2006557690979
64.005992979798 25.113892142857 9.1374393260944
64.095304060606 25.113892142857 9.0575181433673
64.184615141414 25.113892142857 8.9463863730737
64.273926222222 25.113892142857 8.7963455202068
64.36323730303 25.113892142857 8.6122535919285
64.452548383838 25.113892142857 8.3881080196446
64.541859464646 25.113892142857 8.1252705575516
64.631170545455 25.113892142857 7.8252056960204
64.720481626263 25.113892142857 7.5039006972522
64.809792707071 25.113892142857 7.1461372640912
64.899103787879 25.113892142857 6.7891293305992
64.988414868687 25.113892142857 6.3495703682562
65.077725949495 25.113892142857 5.8080145441211
65.167037030303 25.113892142857 5.3892089878598
65.256348111111 25.113892142857 5.1740122680174
65.345659191919 25.113892142857 5.0585207717132
65.434970272727 25.113892142857 4.7630595793451
65.524281353535 25.113892142857 4.4552670385132
65.613592434343 25.113892142857 4.1594570688197
65.702903515152 25.113892142857 3.8810691128751
65.79221459596 25.113892142857 3.6301304779098
65.881525676768 25.113892142857 3.3884363712239
65.970836757576 25.113892142857 3.187431813795
66.060147838384 25.113892142857 3.0592252305156
57.575595161616 25.201364238095 3.3187442181004
57.664906242424 25.201364238095 3.3537172101132
57.754217323232 25.201364238095 3.567024098506
57.84352840404 25.201364238095 3.9131708286933
57.932839484848 25.201364238095 4.1896609831658
58.022150565657 25.201364238095 4.3867427542997
58.111461646465 25.201364238095 4.5673386524178
58.200772727273 25.201364238095 4.669163908255
58.290083808081 25.201364238095 4.7561912904305
58.379394888889 25.201364238095 4.7965578461604
58.468705969697 25.201364238095 4.9071433092145
58.558017050505 25.201364238095 4.9416678333829
58.647328131313 25.201364238095 4.8751163168822
58.736639212121 25.201364238095 5.0556164854101
58.825950292929 25.201364238095 5.2190897649442
58.915261373737 25.201364238095 5.2198560520678
59.004572454545 25.201364238095 5.3555110035216
59.093883535354 25.201364238095 5.7005171786325
59.183194616162 25.201364238095 5.9445350232272
59.27250569697 25.201364238095 6.0820045949732
59.361816777778 25.201364238095 6.2240504177904
59.451127858586 25.201364238095 6.3250459493476
59.540438939394 25.201364238095 6.3348436725666
59.629750020202 25.201364238095 6.2327677773226
59.71906110101 25.201364238095 6.5213814950276
59.808372181818 25.201364238095 6.6368682295872
59.897683262626 25.201364238095 6.7099047288749
59.986994343434 25.201364238095 6.9074371171916
60.076305424242 25.201364238095 7.0785047734567
60.165616505051 25.201364238095 7.2260138362149
60.254927585859 25.201364238095 7.4273135727144
60.344238666667 25.201364238095 7.5557829732564
60.433549747475 25.201364238095 7.6911999325992
60.522860828283 25.201364238095 7.8115640891129
60.612171909091 25.201364238095 7.9213810349699
60.701482989899 25.201364238095 8.0286233721511
60.790794070707 25.201364238095 8.1363933896197
60.880105151515 25.201364238095 8.2500755010014
60.969416232323 25.201364238095 8.3620446122699
61.058727313131 25.201364238095 8.4871439909878
61.148038393939 25.201364238095 8.620989734776
61.237349474747 25.201364238095 8.7582014460059
61.326660555556 25.201364238095 8.9336623495356
61.415971636364 25.201364238095 9.1357826536634
61.505282717172 25.201364238095 9.3649205335172
61.59459379798 25.201364238095 9.6120375416785
61.683904878788 25.201364238095 9.8731942198015
61.773215959596 25.201364238095 10.127241837849
61.862527040404 25.201364238095 10.367992548857
61.951838121212 25.201364238095 10.594650981331
62.04114920202 25.201364238095 10.757446263022
62.130460282828 25.201364238095 10.877616256718
62.219771363636 25.201364238095 10.965661323876
62.309082444444 25.201364238095 11.031866135368
62.398393525253 25.201364238095 11.176712943115
62.487704606061 25.201364238095 10.999483890646
62.577015686869 25.201364238095 10.942047793007
62.666326767677 25.201364238095 10.87258953389
62.755637848485 25.201364238095 10.782460828982
62.844948929293 25.201364238095 10.681854889254
62.934260010101 25.201364238095 10.578577887808
63.023571090909 25.201364238095 10.482304687534
63.112882171717 25.201364238095 10.365469660861
63.202193252525 25.201364238095 10.267404006868
63.291504333333 25.201364238095 10.185816976643
63.380815414141 25.201364238095 10.119750375869
63.470126494949 25.201364238095 10.079804326491
63.559437575758 25.201364238095 10.013108419073
63.648748656566 25.201364238095 9.9696157326616
63.738059737374 25.201364238095 9.9459469040377
63.827370818182 25.201364238095 9.9180183632237
63.91668189899 25.201364238095 9.8787423548267
64.005992979798 25.201364238095 9.817425427982
64.095304060606 25.201364238095 9.7348198449221
64.184615141414 25.201364238095 9.6170489084788
64.273926222222 25.201364238095 9.4640197078352
64.36323730303 25.201364238095 9.2726748216183
64.452548383838 25.201364238095 9.0405874341538
64.541859464646 25.201364238095 8.7679342700476
64.631170545455 25.201364238095 8.5157301080162
64.720481626263 25.201364238095 8.1298856924301
64.809792707071 25.201364238095 7.7773388484705
64.899103787879 25.201364238095 7.4186917679365
64.988414868687 25.201364238095 7.052776412861
65.077725949495 25.201364238095 6.680488344419
65.167037030303 25.201364238095 6.3296618329808
65.256348111111 25.201364238095 5.9889692128673
65.345659191919 25.201364238095 5.6579486415823
65.434970272727 25.201364238095 5.3387778488519
65.524281353535 25.201364238095 5.0347549618998
65.613592434343 25.201364238095 4.7446655163049
65.702903515152 25.201364238095 4.475770019441
65.79221459596 25.201364238095 4.2355228999025
65.881525676768 25.201364238095 4.0329925932948
65.970836757576 25.201364238095 3.8616808858632
66.060147838384 25.201364238095 3.7450481360961
66.149458919192 25.201364238095 3.8151974504214
57.575595161616 25.288836333333 4.2228566766027
57.664906242424 25.288836333333 4.4310200538481
57.754217323232 25.288836333333 4.8356597058405
57.84352840404 25.288836333333 4.9367788720134
57.932839484848 25.288836333333 5.1131211500269
58.022150565657 25.288836333333 5.2090879330303
58.111461646465 25.288836333333 5.4147576828828
58.200772727273 25.288836333333 5.4390411666438
58.290083808081 25.288836333333 5.4485200206409
58.379394888889 25.288836333333 5.6360656684551
58.468705969697 25.288836333333 5.804293461218
58.558017050505 25.288836333333 5.8851402962963
58.647328131313 25.288836333333 5.8693852122137
58.736639212121 25.288836333333 5.9308817630915
58.825950292929 25.288836333333 6.0535507834535
58.915261373737 25.288836333333 6.1133865260477
59.004572454545 25.288836333333 6.3571248751527
59.093883535354 25.288836333333 6.6503302291761
59.183194616162 25.288836333333 6.7763581960859
59.27250569697 25.288836333333 6.8913759396716
59.361816777778 25.288836333333 7.0065856287635
59.451127858586 25.288836333333 7.1260018275163
59.540438939394 25.288836333333 7.2434270156297
59.629750020202 25.288836333333 7.3702936192144
59.71906110101 25.288836333333 7.5047022439116
59.808372181818 25.288836333333 7.6289956829795
59.897683262626 25.288836333333 7.7613465138653
59.986994343434 25.288836333333 7.8968015035328
60.076305424242 25.288836333333 8.0413497893025
60.165616505051 25.288836333333 8.2037469199765
60.254927585859 25.288836333333 8.3433078895066
60.344238666667 25.288836333333 8.4732065512244
60.433549747475 25.288836333333 8.618924472519
60.522860828283 25.288836333333 8.7381743225202
60.612171909091 25.288836333333 8.8501875536478
60.701482989899 25.288836333333 9.0074105842455
60.790794070707 25.288836333333 9.0825000286914
60.880105151515 25.288836333333 9.152256753699
60.969416232323 25.288836333333 9.3152001874253
61.058727313131 25.288836333333 9.34782476608
61.148038393939 25.288836333333 9.4077000417177
61.237349474747 25.288836333333 9.50878596024
61.326660555556 25.288836333333 9.6454289839041
61.415971636364 25.288836333333 9.826309472081
61.505282717172 25.288836333333 10.026617817043
61.59459379798 25.288836333333 10.255252343569
61.683904878788 25.288836333333 10.52972228484
61.773215959596 25.288836333333 10.737658861408
61.862527040404 25.288836333333 10.965252660983
61.951838121212 25.288836333333 11.180972458417
62.04114920202 25.288836333333 11.371613690504
62.130460282828 25.288836333333 11.503833157881
62.219771363636 25.288836333333 11.572755330595
62.309082444444 25.288836333333 11.625357821889
62.398393525253 25.288836333333 11.643235659121
62.487704606061 25.288836333333 11.616330195152
62.577015686869 25.288836333333 11.560107432289
62.666326767677 25.288836333333 11.51172896302
62.755637848485 25.288836333333 11.437916866018
62.844948929293 25.288836333333 11.310085408744
62.934260010101 25.288836333333 11.218943996877
63.023571090909 25.288836333333 11.109943114895
63.112882171717 25.288836333333 11.002730042265
63.202193252525 25.288836333333 10.903392320818
63.291504333333 25.288836333333 10.827718259905
63.380815414141 25.288836333333 10.769607643075
63.470126494949 25.288836333333 10.707752701587
63.559437575758 25.288836333333 10.651927421192
63.648748656566 25.288836333333 10.611279690207
63.738059737374 25.288836333333 10.581386744505
63.827370818182 25.288836333333 10.547789893202
63.91668189899 25.288836333333 10.505114076023
64.005992979798 25.288836333333 10.443044293814
64.095304060606 25.288836333333 10.355822731806
64.184615141414 25.288836333333 10.233365696665
64.273926222222 25.288836333333 10.114953019944
64.36323730303 25.288836333333 9.9218537611248
64.452548383838 25.288836333333 9.7003567223252
64.541859464646 25.288836333333 9.3821544457524
64.631170545455 25.288836333333 9.0838842400368
64.720481626263 25.288836333333 8.7396252364009
64.809792707071 25.288836333333 8.3870658421872
64.899103787879 25.288836333333 8.0255719905956
64.988414868687 25.288836333333 7.6684363223892
65.077725949495 25.288836333333 7.3314640104819
65.167037030303 25.288836333333 7.0166958541857
65.256348111111 25.288836333333 6.6082404660714
65.345659191919 25.288836333333 6.2762351353709
65.434970272727 25.288836333333 5.9618729406151
65.524281353535 25.288836333333 5.6664704028736
65.613592434343 25.288836333333 5.3903520929633
65.702903515152 25.288836333333 5.1369081817887
65.79221459596 25.288836333333 4.9145668179562
65.881525676768 25.288836333333 4.7361146396469
65.970836757576 25.288836333333 4.5967265223553
66.060147838384 25.288836333333 4.5146332678149
66.149458919192 25.288836333333 4.4261423817414
57.575595161616 25.376308428571 5.3133442326609
57.664906242424 25.376308428571 5.57578686153
57.754217323232 25.376308428571 5.6958338651194
57.84352840404 25.376308428571 5.8014473021316
57.932839484848 25.376308428571 5.9012015861059
58.022150565657 25.376308428571 6.0832824450605
58.111461646465 25.376308428571 6.1766429072874
58.200772727273 25.376308428571 6.2522990974872
58.290083808081 25.376308428571 6.3435892748581
58.379394888889 25.376308428571 6.495394304981
58.468705969697 25.376308428571 6.5845078623385
58.558017050505 25.376308428571 6.6691299825977
58.647328131313 25.376308428571 6.7535533705018
58.736639212121 25.376308428571 6.8463062239414
58.825950292929 25.376308428571 6.9344550000747
58.915261373737 25.376308428571 7.0655126224638
59.004572454545 25.376308428571 7.2639913970513
59.093883535354 25.376308428571 7.3938835081387
59.183194616162 25.376308428571 7.5178110095364
59.27250569697 25.376308428571 7.6506050093291
59.361816777778 25.376308428571 7.7832015915719
59.451127858586 25.376308428571 7.9149817168139
59.540438939394 25.376308428571 8.0776483058961
59.629750020202 25.376308428571 8.2372214241925
59.71906110101 25.376308428571 8.383734523679
59.808372181818 25.376308428571 8.5323137982779
59.897683262626 25.376308428571 8.6942758547558
59.986994343434 25.376308428571 8.823936252413
60.076305424242 25.376308428571 8.9702870758103
60.165616505051 25.376308428571 9.1305343588333
60.254927585859 25.376308428571 9.267583831309
60.344238666667 25.376308428571 9.4307097774274
60.433549747475 25.376308428571 9.5576128541708
60.522860828283 25.376308428571 9.6791227263561
60.612171909091 25.376308428571 9.8074767941473
60.701482989899 25.376308428571 10.007245985472
60.790794070707 25.376308428571 9.990241999631
60.880105151515 25.376308428571 10.0560605678
60.969416232323 25.376308428571 10.237831237021
61.058727313131 25.376308428571 10.314168731225
61.148038393939 25.376308428571 10.227867624785
61.237349474747 25.376308428571 10.285844995649
61.326660555556 25.376308428571 10.394262532706
61.415971636364 25.376308428571 10.530080016314
61.505282717172 25.376308428571 10.702106742087
61.59459379798 25.376308428571 10.903923713859
61.683904878788 25.376308428571 11.125956592093
61.773215959596 25.376308428571 11.351482727255
61.862527040404 25.376308428571 11.5610653752
61.951838121212 25.376308428571 11.782224112372
62.04114920202 25.376308428571 11.951267605581
62.130460282828 25.376308428571 12.137995814093
62.219771363636 25.376308428571 12.217845430508
62.309082444444 25.376308428571 12.273302402422
62.398393525253 25.376308428571 12.301326059934
62.487704606061 25.376308428571 12.285213907531
62.577015686869 25.376308428571 12.217342444507
62.666326767677 25.376308428571 12.160242351429
62.755637848485 25.376308428571 12.010682815445
62.844948929293 25.376308428571 11.910163027539
62.934260010101 25.376308428571 11.835444675981
63.023571090909 25.376308428571 11.787002412126
63.112882171717 25.376308428571 11.607619850535
63.202193252525 25.376308428571 11.513138905714
63.291504333333 25.376308428571 11.429649973731
63.380815414141 25.376308428571 11.391886809597
63.470126494949 25.376308428571 11.314659470053
63.559437575758 25.376308428571 11.350025835138
63.648748656566 25.376308428571 11.216003608613
63.738059737374 25.376308428571 11.178393795958
63.827370818182 25.376308428571 11.137816562895
63.91668189899 25.376308428571 11.08611073655
64.005992979798 25.376308428571 11.015685518572
64.095304060606 25.376308428571 10.918215193991
64.184615141414 25.376308428571 10.804316588169
64.273926222222 25.376308428571 10.646255035603
64.36323730303 25.376308428571 10.457595071631
64.452548383838 25.376308428571 10.224877335796
64.541859464646 25.376308428571 9.9558252200909
64.631170545455 25.376308428571 9.6622041961023
64.720481626263 25.376308428571 9.3496742851696
64.809792707071 25.376308428571 9.0110976171846
64.899103787879 25.376308428571 8.6786334990677
64.988414868687 25.376308428571 8.5421688847045
65.077725949495 25.376308428571 8.2202123340869
65.167037030303 25.376308428571 8.0228722693
65.256348111111 25.376308428571 7.5239046623163
65.345659191919 25.376308428571 6.9584652625542
65.434970272727 25.376308428571 6.6598186596638
65.524281353535 25.376308428571 6.3649367848242
65.613592434343 25.376308428571 6.1083173386994
65.702903515152 25.376308428571 5.8777718605273
65.79221459596 25.376308428571 5.6771806285454
65.881525676768 25.376308428571 5.5173502921834
65.970836757576 25.376308428571 5.407227097692
66.060147838384 25.376308428571 5.3505402656797
66.149458919192 25.376308428571 5.737693266307
57.486284080808 25.46378052381 6.7897285609852
57.575595161616 25.46378052381 6.3300104490228
57.664906242424 25.46378052381 6.5059340558649
57.754217323232 25.46378052381 6.5277856028089
57.84352840404 25.46378052381 6.5802427207687
57.932839484848 25.46378052381 6.7333496250782
58.022150565657 25.46378052381 6.9303150892605
58.111461646465 25.46378052381 7.0684969739277
58.200772727273 25.46378052381 7.1583702486606
58.290083808081 25.46378052381 7.2366786765535
58.379394888889 25.46378052381 7.3016095947671
58.468705969697 25.46378052381 7.3656888378763
58.558017050505 25.46378052381 7.4443716984059
58.647328131313 25.46378052381 7.5429600412314
58.736639212121 25.46378052381 7.6502841133353
58.825950292929 25.46378052381 7.7604370546883
58.915261373737 25.46378052381 7.8831684816672
59.004572454545 25.46378052381 8.0285848926566
59.093883535354 25.46378052381 8.1566591308401
59.183194616162 25.46378052381 8.2891145934047
59.27250569697 25.46378052381 8.4353195432682
59.361816777778 25.46378052381 8.589428761113
59.451127858586 25.46378052381 8.7433840492437
59.540438939394 25.46378052381 8.9848405163588
59.629750020202 25.46378052381 9.1382830676998
59.71906110101 25.46378052381 9.3628514895209
59.808372181818 25.46378052381 9.4324379273832
59.897683262626 25.46378052381 9.5895795650704
59.986994343434 25.46378052381 9.7542509099211
60.076305424242 25.46378052381 9.9221176745858
60.165616505051 25.46378052381 10.085333667264
60.254927585859 25.46378052381 10.25337940799
60.344238666667 25.46378052381 10.40231361918
60.433549747475 25.46378052381 10.548792314993
60.522860828283 25.46378052381 10.681256286446
60.612171909091 25.46378052381 10.791971461925
60.701482989899 25.46378052381 10.882705992371
60.790794070707 25.46378052381 10.976808200424
60.880105151515 25.46378052381 11.004516499972
60.969416232323 25.46378052381 11.131912389921
61.058727313131 25.46378052381 11.22388077004
61.148038393939 25.46378052381 11.073163688557
61.237349474747 25.46378052381 11.097860959783
61.326660555556 25.46378052381 11.171760669065
61.415971636364 25.46378052381 11.277169152644
61.505282717172 25.46378052381 11.409242996405
61.59459379798 25.46378052381 11.57540014244
61.683904878788 25.46378052381 11.766028191275
61.773215959596 25.46378052381 11.966365039344
61.862527040404 25.46378052381 12.16086317593
61.951838121212 25.46378052381 12.362146833576
62.04114920202 25.46378052381 12.51192178481
62.130460282828 25.46378052381 12.66271910304
62.219771363636 25.46378052381 12.846589304329
62.309082444444 25.46378052381 12.837268210433
62.398393525253 25.46378052381 12.8338783173
62.487704606061 25.46378052381 12.964541059528
62.577015686869 25.46378052381 13.255619379124
62.666326767677 25.46378052381 12.938254153126
62.755637848485 25.46378052381 12.567193885253
62.844948929293 25.46378052381 12.458906070455
62.934260010101 25.46378052381 12.365667021138
63.023571090909 25.46378052381 12.287471198489
63.112882171717 25.46378052381 12.192645731825
63.202193252525 25.46378052381 12.110301072165
63.291504333333 25.46378052381 12.046749207982
63.380815414141 25.46378052381 11.957871637508
63.470126494949 25.46378052381 11.970007973823
63.559437575758 25.46378052381 11.888381947774
63.648748656566 25.46378052381 11.843516075669
63.738059737374 25.46378052381 11.85485034083
63.827370818182 25.46378052381 11.837322070704
63.91668189899 25.46378052381 11.613554364147
64.005992979798 25.46378052381 11.528343443121
64.095304060606 25.46378052381 11.428180841776
64.184615141414 25.46378052381 11.313965964984
64.273926222222 25.46378052381 11.161915571522
64.36323730303 25.46378052381 10.99463183326
64.452548383838 25.46378052381 10.770249527028
64.541859464646 25.46378052381 10.634243531854
64.631170545455 25.46378052381 10.317970847089
64.720481626263 25.46378052381 9.9376053042258
64.809792707071 25.46378052381 9.608553029948
64.899103787879 25.46378052381 9.2878397527926
64.988414868687 25.46378052381 9.0235789266528
65.077725949495 25.46378052381 8.735980310151
65.167037030303 25.46378052381 8.4914617821938
65.256348111111 25.46378052381 8.3643155553982
65.345659191919 25.46378052381 7.8404874962702
65.434970272727 25.46378052381 7.4597111158515
65.524281353535 25.46378052381 7.2014417818798
65.613592434343 25.46378052381 6.8801928885956
65.702903515152 25.46378052381 6.673096049633
65.79221459596 25.46378052381 6.5194185266624
65.881525676768 25.46378052381 6.3908583814173
65.970836757576 25.46378052381 6.3125909342132
66.060147838384 25.46378052381 6.2846649971374
66.149458919192 25.46378052381 6.354999495662
57.486284080808 25.551252619048 7.3193071901308
57.575595161616 25.551252619048 7.3704147597778
57.664906242424 25.551252619048 7.4607241547949
57.754217323232 25.551252619048 7.462470619898
57.84352840404 25.551252619048 7.5305020026543
57.932839484848 25.551252619048 7.6998140063235
58.022150565657 25.551252619048 7.9174394914473
58.111461646465 25.551252619048 8.0419433653374
58.200772727273 25.551252619048 8.0848730109009
58.290083808081 25.551252619048 8.1257312768091
58.379394888889 25.551252619048 8.1656832812013
58.468705969697 25.551252619048 8.212812184174
58.558017050505 25.551252619048 8.2892531134746
58.647328131313 25.551252619048 8.3660729502752
58.736639212121 25.551252619048 8.4596186733744
58.825950292929 25.551252619048 8.567632586435
58.915261373737 25.551252619048 8.7029288406084
59.004572454545 25.551252619048 8.8231025051839
59.093883535354 25.551252619048 8.9606904901024
59.183194616162 25.551252619048 9.101882871956
59.27250569697 25.551252619048 9.2672445269064
59.361816777778 25.551252619048 9.4292764363137
59.451127858586 25.551252619048 9.7091583258836
59.540438939394 25.551252619048 9.8395258248799
59.629750020202 25.551252619048 10.153467058891
59.71906110101 25.551252619048 10.355895157669
59.808372181818 25.551252619048 10.383153812227
59.897683262626 25.551252619048 10.550953989197
59.986994343434 25.551252619048 10.727583510487
60.076305424242 25.551252619048 10.909978836652
60.165616505051 25.551252619048 11.109873253595
60.254927585859 25.551252619048 11.285394127002
60.344238666667 25.551252619048 11.437218692905
60.433549747475 25.551252619048 11.592884516345
60.522860828283 25.551252619048 11.733468277374
60.612171909091 25.551252619048 11.855996737106
60.701482989899 25.551252619048 12.002681002526
60.790794070707 25.551252619048 12.034988285377
60.880105151515 25.551252619048 12.056230239026
60.969416232323 25.551252619048 12.066320110647
61.058727313131 25.551252619048 12.013690158028
61.148038393939 25.551252619048 12.002273633937
61.237349474747 25.551252619048 11.951754302781
61.326660555556 25.551252619048 12.001732812899
61.415971636364 25.551252619048 12.057748101802
61.505282717172 25.551252619048 12.155276763315
61.59459379798 25.551252619048 12.33574106129
61.683904878788 25.551252619048 12.464256508099
61.773215959596 25.551252619048 12.621797386499
61.862527040404 25.551252619048 12.779115873686
61.951838121212 25.551252619048 12.943373243935
62.04114920202 25.551252619048 13.093963010759
62.130460282828 25.551252619048 13.227807217363
62.219771363636 25.551252619048 13.537549106091
62.309082444444 25.551252619048 13.927643325107
62.398393525253 25.551252619048 13.565399799069
62.487704606061 25.551252619048 13.401906759665
62.577015686869 25.551252619048 13.327320998735
62.666326767677 25.551252619048 13.234280344851
62.755637848485 25.551252619048 13.128663779282
62.844948929293 25.551252619048 13.025240269501
62.934260010101 25.551252619048 12.934620924759
63.023571090909 25.551252619048 13.185042490125
63.112882171717 25.551252619048 13.129140872672
63.202193252525 25.551252619048 12.762481427072
63.291504333333 25.551252619048 12.598215461958
63.380815414141 25.551252619048 12.510743626869
63.470126494949 25.551252619048 12.452134236936
63.559437575758 25.551252619048 12.434480375672
63.648748656566 25.551252619048 12.474245560188
63.738059737374 25.551252619048 12.518263540439
63.827370818182 25.551252619048 12.372002757319
63.91668189899 25.551252619048 12.315938789862
64.005992979798 25.551252619048 12.283397294931
64.095304060606 25.551252619048 12.031023461435
64.184615141414 25.551252619048 12.021015190963
64.273926222222 25.551252619048 11.789030233237
64.36323730303 25.551252619048 11.543349831522
64.452548383838 25.551252619048 11.331502817573
64.541859464646 25.551252619048 11.38594701777
64.631170545455 25.551252619048 11.2143202147
64.720481626263 25.551252619048 11.053110009904
64.809792707071 25.551252619048 10.799904561503
64.899103787879 25.551252619048 10.426866636448
64.988414868687 25.551252619048 9.9925331961711
65.077725949495 25.551252619048 9.4941483364413
65.167037030303 25.551252619048 9.3091753556084
65.256348111111 25.551252619048 9.016329007045
65.345659191919 25.551252619048 8.7082694803391
65.434970272727 25.551252619048 8.7589646423733
65.524281353535 25.551252619048 8.2138213388958
65.613592434343 25.551252619048 7.8698791215351
65.702903515152 25.551252619048 7.7578435631985
65.79221459596 25.551252619048 7.5858931226074
65.881525676768 25.551252619048 7.4237614209692
65.970836757576 25.551252619048 7.3111880743408
66.060147838384 25.551252619048 7.5310236565491
66.149458919192 25.551252619048 7.3648492015194
57.486284080808 25.638724714286 8.1018318523342
57.575595161616 25.638724714286 8.2959787842271
57.664906242424 25.638724714286 8.4621399203519
57.754217323232 25.638724714286 8.6033878578337
57.84352840404 25.638724714286 8.6680321268758
57.932839484848 25.638724714286 8.743060903502
58.022150565657 25.638724714286 8.8688399215968
58.111461646465 25.638724714286 8.9185090358035
58.200772727273 25.638724714286 8.9595618458963
58.290083808081 25.638724714286 8.9949010249825
58.379394888889 25.638724714286 9.0331110447939
58.468705969697 25.638724714286 9.0824491230121
58.558017050505 25.638724714286 9.1413199623548
58.647328131313 25.638724714286 9.2170167153595
58.736639212121 25.638724714286 9.3077712362355
58.825950292929 25.638724714286 9.4437677816078
58.915261373737 25.638724714286 9.5738535468994
59.004572454545 25.638724714286 9.7556891351476
59.093883535354 25.638724714286 9.8540351524468
59.183194616162 25.638724714286 9.9884394126621
59.27250569697 25.638724714286 10.137045922358
59.361816777778 25.638724714286 10.315993864637
59.451127858586 25.638724714286 10.589604675042
59.540438939394 25.638724714286 10.92343343492
59.629750020202 25.638724714286 11.151609836525
59.71906110101 25.638724714286 11.357120590511
59.808372181818 25.638724714286 11.588338166161
59.897683262626 25.638724714286 11.693828613136
59.986994343434 25.638724714286 11.845002312319
60.076305424242 25.638724714286 12.074828220206
60.165616505051 25.638724714286 12.19415163438
60.254927585859 25.638724714286 12.519498394454
60.344238666667 25.638724714286 12.648238518517
60.433549747475 25.638724714286 12.804583179962
60.522860828283 25.638724714286 13.06859152731
60.612171909091 25.638724714286 13.165173425958
60.701482989899 25.638724714286 13.142066853137
60.790794070707 25.638724714286 13.124874096502
60.880105151515 25.638724714286 13.026875045122
60.969416232323 25.638724714286 12.985968187613
61.058727313131 25.638724714286 12.930407808077
61.148038393939 25.638724714286 12.878916277515
61.237349474747 25.638724714286 12.847172483156
61.326660555556 25.638724714286 12.841824444515
61.415971636364 25.638724714286 12.87832506291
61.505282717172 25.638724714286 12.956847015907
61.59459379798 25.638724714286 13.173519656551
61.683904878788 25.638724714286 13.334245787103
61.773215959596 25.638724714286 13.322107291172
61.862527040404 25.638724714286 13.471735662384
61.951838121212 25.638724714286 13.593827780526
62.04114920202 25.638724714286 13.686994327332
62.130460282828 25.638724714286 13.779224256548
62.219771363636 25.638724714286 13.858165632957
62.309082444444 25.638724714286 13.936523371042
62.398393525253 25.638724714286 14.082065899481
62.487704606061 25.638724714286 14.077274313175
62.577015686869 25.638724714286 13.965138968992
62.666326767677 25.638724714286 13.909798828967
62.755637848485 25.638724714286 13.835392213064
62.844948929293 25.638724714286 13.813691183056
62.934260010101 25.638724714286 13.633631437014
63.023571090909 25.638724714286 13.527285066165
63.112882171717 25.638724714286 13.373016137032
63.202193252525 25.638724714286 13.246536930717
63.291504333333 25.638724714286 13.165166033647
63.380815414141 25.638724714286 13.056641770036
63.470126494949 25.638724714286 13.010646327811
63.559437575758 25.638724714286 13.01101844075
63.648748656566 25.638724714286 12.929938546721
63.738059737374 25.638724714286 13.021169868801
63.827370818182 25.638724714286 13.184453856108
63.91668189899 25.638724714286 13.16145262701
64.005992979798 25.638724714286 12.946114094188
64.095304060606 25.638724714286 12.769717105116
64.184615141414 25.638724714286 12.577958808521
64.273926222222 25.638724714286 12.313573624242
64.36323730303 25.638724714286 12.140455742153
64.452548383838 25.638724714286 12.024395051598
64.541859464646 25.638724714286 11.871015133773
64.631170545455 25.638724714286 11.727824654079
64.720481626263 25.638724714286 11.455002438567
64.809792707071 25.638724714286 11.12877694593
64.899103787879 25.638724714286 10.788426726795
64.988414868687 25.638724714286 10.468865542762
65.077725949495 25.638724714286 10.200329499821
65.167037030303 25.638724714286 9.9834557983282
65.256348111111 25.638724714286 9.9597958228998
65.345659191919 25.638724714286 10.018643366053
65.434970272727 25.638724714286 9.3802617668012
65.524281353535 25.638724714286 8.8151300343298
65.613592434343 25.638724714286 9.0116474615468
65.702903515152 25.638724714286 8.8247100912639
65.79221459596 25.638724714286 8.6467261833089
65.881525676768 25.638724714286 8.6892892854024
65.970836757576 25.638724714286 9.1770228162784
66.060147838384 25.638724714286 8.4586301994511
66.149458919192 25.638724714286 8.5852480858178
57.486284080808 25.726196809524 8.9194203333075
57.575595161616 25.726196809524 9.1937161332492
57.664906242424 25.726196809524 9.3481613323943
57.754217323232 25.726196809524 9.4794382831736
57.84352840404 25.726196809524 9.6297631674227
57.932839484848 25.726196809524 9.7854348770649
58.022150565657 25.726196809524 9.8130148047964
58.111461646465 25.726196809524 9.8044323816776
58.200772727273 25.726196809524 9.8483724909808
58.290083808081 25.726196809524 9.8818949179086
58.379394888889 25.726196809524 9.9295471716667
58.468705969697 25.726196809524 9.9717757807356
58.558017050505 25.726196809524 10.024929071551
58.647328131313 25.726196809524 10.111943489299
58.736639212121 25.726196809524 10.234911735303
58.825950292929 25.726196809524 10.331849339088
58.915261373737 25.726196809524 10.487533738646
59.004572454545 25.726196809524 10.664233059787
59.093883535354 25.726196809524 10.755002718534
59.183194616162 25.726196809524 10.918830096782
59.27250569697 25.726196809524 11.065546709416
59.361816777778 25.726196809524 11.265056598163
59.451127858586 25.726196809524 11.543080897955
59.540438939394 25.726196809524 11.920668212857
59.629750020202 25.726196809524 12.100728071023
59.71906110101 25.726196809524 12.313252499913
59.808372181818 25.726196809524 12.604349006536
59.897683262626 25.726196809524 12.923970820137
59.986994343434 25.726196809524 13.034350550318
60.076305424242 25.726196809524 13.253415981247
60.165616505051 25.726196809524 13.429966899361
60.254927585859 25.726196809524 13.735160403308
60.344238666667 25.726196809524 13.721464284847
60.433549747475 25.726196809524 13.941376207611
60.522860828283 25.726196809524 14.211655802053
60.612171909091 25.726196809524 14.391946139927
60.701482989899 25.726196809524 14.432019426599
60.790794070707 25.726196809524 14.200828449527
60.880105151515 25.726196809524 14.078420646324
60.969416232323 25.726196809524 14.017028860088
61.058727313131 25.726196809524 13.936309460156
61.148038393939 25.726196809524 13.853062313107
61.237349474747 25.726196809524 13.783241831405
61.326660555556 25.726196809524 13.74825108071
61.415971636364 25.726196809524 13.735254865582
61.505282717172 25.726196809524 13.771742629152
61.59459379798 25.726196809524 13.893287966637
61.683904878788 25.726196809524 14.063352410657
61.773215959596 25.726196809524 14.151520650947
61.862527040404 25.726196809524 14.200743019527
61.951838121212 25.726196809524 14.253581304962
62.04114920202 25.726196809524 14.319063364472
62.130460282828 25.726196809524 14.397164093906
62.219771363636 25.726196809524 14.450796796745
62.309082444444 25.726196809524 14.481730697093
62.398393525253 25.726196809524 14.483263826341
62.487704606061 25.726196809524 14.467381267459
62.577015686869 25.726196809524 14.413641626929
62.666326767677 25.726196809524 14.352543504386
62.755637848485 25.726196809524 14.281129672688
62.844948929293 25.726196809524 14.187691835953
62.934260010101 25.726196809524 14.100218255807
63.023571090909 25.726196809524 14.046030958942
63.112882171717 25.726196809524 13.954226112751
63.202193252525 25.726196809524 13.876696893672
63.291504333333 25.726196809524 13.758658599333
63.380815414141 25.726196809524 13.68117449581
63.470126494949 25.726196809524 13.568119075366
63.559437575758 25.726196809524 13.519224049902
63.648748656566 25.726196809524 13.50843160781
63.738059737374 25.726196809524 13.497481109126
63.827370818182 25.726196809524 13.493458406259
63.91668189899 25.726196809524 13.525093667696
64.005992979798 25.726196809524 13.534026178842
64.095304060606 25.726196809524 13.444530332196
64.184615141414 25.726196809524 13.55256110315
64.273926222222 25.726196809524 12.940853339123
64.36323730303 25.726196809524 12.795538449024
64.452548383838 25.726196809524 12.616335608175
64.541859464646 25.726196809524 12.531449977329
64.631170545455 25.726196809524 12.372940943874
64.720481626263 25.726196809524 12.117854656933
64.809792707071 25.726196809524 11.761592698909
64.899103787879 25.726196809524 11.467866161542
64.988414868687 25.726196809524 11.257497633784
65.077725949495 25.726196809524 10.942373204428
65.167037030303 25.726196809524 10.734564362958
65.256348111111 25.726196809524 10.358017536996
65.345659191919 25.726196809524 10.171834746941
65.434970272727 25.726196809524 9.9270271294474
65.524281353535 25.726196809524 9.9938731149348
65.613592434343 25.726196809524 10.110863685349
65.702903515152 25.726196809524 9.9364594401904
65.79221459596 25.726196809524 9.6636403530449
65.881525676768 25.726196809524 9.7815797160062
65.970836757576 25.726196809524 9.6703258070915
66.060147838384 25.726196809524 9.7570725713148
66.149458919192 25.726196809524 10.175494534825
57.486284080808 25.813668904762 9.9258398827234
57.575595161616 25.813668904762 10.075794333875
57.664906242424 25.813668904762 10.225960797661
57.754217323232 25.813668904762 10.395223068593
57.84352840404 25.813668904762 10.610312388185
57.932839484848 25.813668904762 10.96275129064
58.022150565657 25.813668904762 11.072590229003
58.111461646465 25.813668904762 10.852964102317
58.200772727273 25.813668904762 10.808416919019
58.290083808081 25.813668904762 10.999595850967
58.379394888889 25.813668904762 11.05416151925
58.468705969697 25.813668904762 11.014847924142
58.558017050505 25.813668904762 11.091986244771
58.647328131313 25.813668904762 11.167738052802
58.736639212121 25.813668904762 11.455906231785
58.825950292929 25.813668904762 11.336982898982
58.915261373737 25.813668904762 11.693627848342
59.004572454545 25.813668904762 11.638692412186
59.093883535354 25.813668904762 11.75116372952
59.183194616162 25.813668904762 11.918021811647
59.27250569697 25.813668904762 12.108321842681
59.361816777778 25.813668904762 12.641098702241
59.451127858586 25.813668904762 12.572862471707
59.540438939394 25.813668904762 12.781692979479
59.629750020202 25.813668904762 13.089400842863
59.71906110101 25.813668904762 13.368037130129
59.808372181818 25.813668904762 13.640986253647
59.897683262626 25.813668904762 13.882466851862
59.986994343434 25.813668904762 14.121143355586
60.076305424242 25.813668904762 14.329887486882
60.165616505051 25.813668904762 14.489099656267
60.254927585859 25.813668904762 14.728725157445
60.344238666667 25.813668904762 14.93562553233
60.433549747475 25.813668904762 15.220785701033
60.522860828283 25.813668904762 15.475805665745
60.612171909091 25.813668904762 15.324130364771
60.701482989899 25.813668904762 15.273912719291
60.790794070707 25.813668904762 15.296413771017
60.880105151515 25.813668904762 15.28538254422
60.969416232323 25.813668904762 15.099249158177
61.058727313131 25.813668904762 14.992878370891
61.148038393939 25.813668904762 14.884098683786
61.237349474747 25.813668904762 14.846045028176
61.326660555556 25.813668904762 14.851798767485
61.415971636364 25.813668904762 14.678264110821
61.505282717172 25.813668904762 14.6583291303
61.59459379798 25.813668904762 14.725311977405
61.683904878788 25.813668904762 14.966163285882
61.773215959596 25.813668904762 14.939161336684
61.862527040404 25.813668904762 15.012024884562
61.951838121212 25.813668904762 15.016689817894
62.04114920202 25.813668904762 15.05320177342
62.130460282828 25.813668904762 15.069241885301
62.219771363636 25.813668904762 15.091573295208
62.309082444444 25.813668904762 15.103032920278
62.398393525253 25.813668904762 15.135815950032
62.487704606061 25.813668904762 15.069574851809
62.577015686869 25.813668904762 15.000913214437
62.666326767677 25.813668904762 14.926101932118
62.755637848485 25.813668904762 14.836641728383
62.844948929293 25.813668904762 14.752494936379
62.934260010101 25.813668904762 14.676071440045
63.023571090909 25.813668904762 14.599014704029
63.112882171717 25.813668904762 14.534203232065
63.202193252525 25.813668904762 14.423924291329
63.291504333333 25.813668904762 14.343797652281
63.380815414141 25.813668904762 14.252459930762
63.470126494949 25.813668904762 14.175265063067
63.559437575758 25.813668904762 14.094404630351
63.648748656566 25.813668904762 14.037227688296
63.738059737374 25.813668904762 14.017499913037
63.827370818182 25.813668904762 14.28607812529
63.91668189899 25.813668904762 14.113733904346
64.005992979798 25.813668904762 14.092597934716
64.095304060606 25.813668904762 14.162269673101
64.184615141414 25.813668904762 13.947849443266
64.273926222222 25.813668904762 13.621297906219
64.36323730303 25.813668904762 13.494599772325
64.452548383838 25.813668904762 13.450126779088
64.541859464646 25.813668904762 13.201318155961
64.631170545455 25.813668904762 12.950456237584
64.720481626263 25.813668904762 12.671505303203
64.809792707071 25.813668904762 12.45151829619
64.899103787879 25.813668904762 12.178475455614
64.988414868687 25.813668904762 11.938877570214
65.077725949495 25.813668904762 11.69561705405
65.167037030303 25.813668904762 11.458151854252
65.256348111111 25.813668904762 11.237550091524
65.345659191919 25.813668904762 11.010934148089
65.434970272727 25.813668904762 10.886567419022
65.524281353535 25.813668904762 10.70404499116
65.613592434343 25.813668904762 11.09724350986
65.702903515152 25.813668904762 11.412347429404
65.79221459596 25.813668904762 10.935506985423
65.881525676768 25.813668904762 11.007559481043
65.970836757576 25.813668904762 10.94605761687
66.060147838384 25.813668904762 11.215494957855
66.149458919192 25.813668904762 11.087719875692
66.23877 25.813668904762 11.457373630339
57.396973 25.901141 10.436106002198
57.486284080808 25.901141 10.447378056654
57.575595161616 25.901141 10.714598709089
57.664906242424 25.901141 10.990613820711
57.754217323232 25.901141 11.13371977533
57.84352840404 25.901141 11.256250275321
57.932839484848 25.901141 11.377121364701
58.022150565657 25.901141 11.368866817384
58.111461646465 25.901141 11.454010872034
58.200772727273 25.901141 11.406443079601
58.290083808081 25.901141 11.658886320024
58.379394888889 25.901141 11.645666371467
58.468705969697 25.901141 11.677271700735
58.558017050505 25.901141 11.968497884219
58.647328131313 25.901141 11.920138206104
58.736639212121 25.901141 12.346411510569
58.825950292929 25.901141 12.13965852753
58.915261373737 25.901141 12.417706489347
59.004572454545 25.901141 12.521746176995
59.093883535354 25.901141 12.665000282868
59.183194616162 25.901141 12.927825234154
59.27250569697 25.901141 13.1608812605
59.361816777778 25.901141 13.164162520873
59.451127858586 25.901141 13.339746336214
59.540438939394 25.901141 13.54740428489
59.629750020202 25.901141 13.766421893084
59.71906110101 25.901141 13.908233563851
59.808372181818 25.901141 14.12750246321
59.897683262626 25.901141 14.448821228687
59.986994343434 25.901141 14.682132041806
60.076305424242 25.901141 14.876890483022
60.165616505051 25.901141 15.158403743547
60.254927585859 25.901141 15.392884426163
60.344238666667 25.901141 15.718851463301
60.433549747475 25.901141 16.113920594214
60.522860828283 25.901141 15.942103691983
60.612171909091 25.901141 15.963466988025
60.701482989899 25.901141 15.999018473846
60.790794070707 25.901141 16.023728677222
60.880105151515 25.901141 15.969338049444
60.969416232323 25.901141 15.827624114017
61.058727313131 25.901141 15.673503363157
61.148038393939 25.901141 15.565773122842
61.237349474747 25.901141 15.511123680523
61.326660555556 25.901141 15.328271655575
61.415971636364 25.901141 15.280256508426
61.505282717172 25.901141 15.235750597738
61.59459379798 25.901141 15.24972354651
61.683904878788 25.901141 15.359944297147
61.773215959596 25.901141 15.388926177891
61.862527040404 25.901141 15.448778504492
61.951838121212 25.901141 15.496853668726
62.04114920202 25.901141 15.561138464607
62.130460282828 25.901141 15.520140274012
62.219771363636 25.901141 15.504183274075
62.309082444444 25.901141 15.489839578822
62.398393525253 25.901141 15.49321289958
62.487704606061 25.901141 15.468922720696
62.577015686869 25.901141 15.402989159862
62.666326767677 25.901141 15.34694636916
62.755637848485 25.901141 15.241045435547
62.844948929293 25.901141 15.146217927461
62.934260010101 25.901141 15.07723599885
63.023571090909 25.901141 15.004074052206
63.112882171717 25.901141 14.917715370407
63.202193252525 25.901141 14.877250048905
63.291504333333 25.901141 14.852731850125
63.380815414141 25.901141 14.80656392873
63.470126494949 25.901141 14.743716620659
63.559437575758 25.901141 14.552674035573
63.648748656566 25.901141 14.534965123637
63.738059737374 25.901141 14.461200747243
63.827370818182 25.901141 14.4796945371
63.91668189899 25.901141 14.582706984775
64.005992979798 25.901141 14.727168551442
64.095304060606 25.901141 15.134928809437
64.184615141414 25.901141 14.516251269494
64.273926222222 25.901141 14.109698050416
64.36323730303 25.901141 13.891587653808
64.452548383838 25.901141 13.654141800598
64.541859464646 25.901141 13.440927424746
64.631170545455 25.901141 13.290867481499
64.720481626263 25.901141 13.137158908021
64.809792707071 25.901141 12.913004573857
64.899103787879 25.901141 12.653923249794
64.988414868687 25.901141 12.371581223486
65.077725949495 25.901141 12.117767408081
65.167037030303 25.901141 11.937894181426
65.256348111111 25.901141 11.915484418791
65.345659191919 25.901141 11.707451714978
65.434970272727 25.901141 11.580196205758
65.524281353535 25.901141 11.577383226384
65.613592434343 25.901141 11.630768299344
65.702903515152 25.901141 11.839614330125
65.79221459596 25.901141 12.118797636862
65.881525676768 25.901141 10.989469801642
65.970836757576 25.901141 11.078623919658
66.060147838384 25.901141 11.135469216215
66.149458919192 25.901141 11.048282033694
66.23877 25.901141 11.412741988784
