61.008286131313 24.144227 2230.6749165161
61.096568959596 24.144227 2189.5048328211
61.184851787879 24.144227 2136.6677863089
61.273134616162 24.144227 2089.5038936947
61.361417444444 24.144227 2080.4581645008
61.449700272727 24.144227 2085.4164681808
61.53798310101 24.144227 2088.7377987857
61.626265929293 24.144227 2094.5706514366
61.714548757576 24.144227 2098.799068985
61.802831585859 24.144227 2100.1044890596
61.891114414141 24.144227 2109.3875857345
61.979397242424 24.144227 2170.6671004458
62.067680070707 24.144227 2202.9883671934
60.390306333333 24.231227 2231.6779189571
60.478589161616 24.231227 2246.7453301876
60.566871989899 24.231227 2210.6599256294
60.655154818182 24.231227 2218.6018016028
60.743437646465 24.231227 2243.363884688
60.831720474747 24.231227 2217.008764781
60.92000330303 24.231227 2231.6373178662
61.008286131313 24.231227 2197.6882180853
61.096568959596 24.231227 2164.7442726624
61.184851787879 24.231227 2123.863437734
61.273134616162 24.231227 2113.4953332167
61.361417444444 24.231227 2120.3820987301
61.449700272727 24.231227 2126.0205976733
61.53798310101 24.231227 2126.2766348716
61.626265929293 24.231227 2130.7002598079
61.714548757576 24.231227 2132.973442722
61.802831585859 24.231227 2137.4361664184
61.891114414141 24.231227 2163.5679932346
61.979397242424 24.231227 2273.5514460954
62.067680070707 24.231227 2224.3491820331
62.15596289899 24.231227 2154.4118102927
62.244245727273 24.231227 2220.1223513048
62.332528555556 24.231227 2210.6974981914
62.420811383838 24.231227 2200.3173027352
62.509094212121 24.231227 2219.3218111213
62.597377040404 24.231227 2235.5167541445
62.685659868687 24.231227 2205.7674471091
62.77394269697 24.231227 2186.0477471474
62.862225525253 24.231227 2165.6409437516
59.242629565657 24.318227 1999.9364804332
59.330912393939 24.318227 1999.2804957854
59.419195222222 24.318227 1999.853704652
59.507478050505 24.318227 2025.2221149349
59.595760878788 24.318227 2059.8921630525
59.684043707071 24.318227 2053.017249025
59.772326535354 24.318227 2055.7801992491
59.860609363636 24.318227 2071.1229090914
59.948892191919 24.318227 2089.4493520597
60.037175020202 24.318227 2148.9555702231
60.125457848485 24.318227 2145.409755971
60.213740676768 24.318227 2172.5017332851
60.302023505051 24.318227 2200.0695416278
60.390306333333 24.318227 2164.4439895883
60.478589161616 24.318227 2143.4913564317
60.566871989899 24.318227 2162.1982033819
60.655154818182 24.318227 2168.6259031903
60.743437646465 24.318227 2178.1449992614
60.831720474747 24.318227 2160.0929615095
60.92000330303 24.318227 2167.8496582011
61.008286131313 24.318227 2150.4107417757
61.096568959596 24.318227 2123.4931633729
61.184851787879 24.318227 2097.424996692
61.273134616162 24.318227 2045.7675255503
61.361417444444 24.318227 2052.6848232265
61.449700272727 24.318227 2089.2853952234
61.53798310101 24.318227 2122.3792456662
61.626265929293 24.318227 2107.2321395639
61.714548757576 24.318227 2136.7750216435
61.802831585859 24.318227 2147.2177236548
61.891114414141 24.318227 2147.5728495436
61.979397242424 24.318227 2148.074715239
62.067680070707 24.318227 2124.6237337899
62.15596289899 24.318227 2124.1810776356
62.244245727273 24.318227 2160.2784958161
62.332528555556 24.318227 2187.9526394166
62.420811383838 24.318227 2186.6237275181
62.509094212121 24.318227 2148.8822404123
62.597377040404 24.318227 2140.4200205208
62.685659868687 24.318227 2141.5728068333
62.77394269697 24.318227 2108.3891526728
62.862225525253 24.318227 2095.5904242768
62.950508353535 24.318227 2120.081378618
63.038791181818 24.318227 2195.2054680272
63.127074010101 24.318227 2215.487158617
63.215356838384 24.318227 2233.3058360102
63.303639666667 24.318227 2243.6092256256
63.391922494949 24.318227 2233.4780281994
63.480205323232 24.318227 2195.6558756858
63.568488151515 24.318227 2098.2552534508
63.656770979798 24.318227 2034.8646409608
58.183235626263 24.405227 2000.0000001889
58.271518454545 24.405227 2000.0000015327
58.359801282828 24.405227 1999.999998769
58.448084111111 24.405227 2000.0000016268
58.536366939394 24.405227 2000.0000004934
58.624649767677 24.405227 1999.9999997472
58.71293259596 24.405227 2000.0000008625
58.801215424242 24.405227 1999.999999912
58.889498252525 24.405227 1999.999999201
58.977781080808 24.405227 1999.9999990657
59.066063909091 24.405227 1999.9999996679
59.154346737374 24.405227 1999.99999977
59.242629565657 24.405227 1999.9288164757
59.330912393939 24.405227 2008.1268935275
59.419195222222 24.405227 2068.295774872
59.507478050505 24.405227 2061.4312185827
59.595760878788 24.405227 2047.4079572941
59.684043707071 24.405227 2020.1616732214
59.772326535354 24.405227 2023.1778422583
59.860609363636 24.405227 2067.0906996227
59.948892191919 24.405227 2086.4850270721
60.037175020202 24.405227 2103.9030916766
60.125457848485 24.405227 2124.3113320792
60.213740676768 24.405227 2150.936021911
60.302023505051 24.405227 2166.8153774894
60.390306333333 24.405227 2141.175656466
60.478589161616 24.405227 2139.3327541617
60.566871989899 24.405227 2190.9485817695
60.655154818182 24.405227 2192.3116437751
60.743437646465 24.405227 2181.4777615723
60.831720474747 24.405227 2160.2720230177
60.92000330303 24.405227 2171.0140214289
61.008286131313 24.405227 2158.8622132398
61.096568959596 24.405227 2108.4264032132
61.184851787879 24.405227 2077.9006851191
61.273134616162 24.405227 2049.3556787887
61.361417444444 24.405227 2075.2616000049
61.449700272727 24.405227 2091.5116292898
61.53798310101 24.405227 2097.6981390325
61.626265929293 24.405227 2103.8902983136
61.714548757576 24.405227 2127.7031987781
61.802831585859 24.405227 2156.5712349623
61.891114414141 24.405227 2159.4413585569
61.979397242424 24.405227 2139.2702138959
62.067680070707 24.405227 2141.8015429513
62.15596289899 24.405227 2152.654478571
62.244245727273 24.405227 2164.2170539079
62.332528555556 24.405227 2171.9804633928
62.420811383838 24.405227 2168.8232266403
62.509094212121 24.405227 2152.6142085094
62.597377040404 24.405227 2125.1278235672
62.685659868687 24.405227 2105.1291399673
62.77394269697 24.405227 2104.9079896347
62.862225525253 24.405227 2133.6481610533
62.950508353535 24.405227 2142.9204432833
63.038791181818 24.405227 2158.3741583146
63.127074010101 24.405227 2207.9389110375
63.215356838384 24.405227 2227.337940872
63.303639666667 24.405227 2243.0816855043
63.391922494949 24.405227 2249.9888142974
63.480205323232 24.405227 2231.7291016269
63.568488151515 24.405227 2140.1541332291
63.656770979798 24.405227 2102.4286582356
63.745053808081 24.405227 2079.1701802043
63.833336636364 24.405227 2011.5577095302
63.921619464646 24.405227 1999.9961496821
64.009902292929 24.405227 1999.99844141
64.098185121212 24.405227 1999.9843341585
64.186467949495 24.405227 1999.983196317
64.274750777778 24.405227 2041.7092156968
64.363033606061 24.405227 2058.7540673897
58.006669969697 24.492227 2000.0000005493
58.09495279798 24.492227 2000.0000007551
58.183235626263 24.492227 1999.9999991228
58.271518454545 24.492227 2000.000001396
58.359801282828 24.492227 2000.0000007633
58.448084111111 24.492227 1999.9999999628
58.536366939394 24.492227 1999.9999983913
58.624649767677 24.492227 1999.9999995553
58.71293259596 24.492227 1999.9999998645
58.801215424242 24.492227 1999.9999996109
58.889498252525 24.492227 1999.9999995109
58.977781080808 24.492227 1999.9999998074
59.066063909091 24.492227 1999.9999998891
59.154346737374 24.492227 1999.9999986781
59.242629565657 24.492227 2000.0000027679
59.330912393939 24.492227 1999.9907921404
59.419195222222 24.492227 1999.0573506813
59.507478050505 24.492227 2054.3798732898
59.595760878788 24.492227 2057.1794808051
59.684043707071 24.492227 2051.6233652429
59.772326535354 24.492227 2095.0654008402
59.860609363636 24.492227 2098.9328157847
59.948892191919 24.492227 2076.4491675503
60.037175020202 24.492227 2096.8985159314
60.125457848485 24.492227 2096.5783943052
60.213740676768 24.492227 2115.3024627837
60.302023505051 24.492227 2151.0280356049
60.390306333333 24.492227 2158.0017673559
60.478589161616 24.492227 2161.1047418298
60.566871989899 24.492227 2188.3930860074
60.655154818182 24.492227 2189.353105487
60.743437646465 24.492227 2160.1769623305
60.831720474747 24.492227 2163.6508496563
60.92000330303 24.492227 2163.962351108
61.008286131313 24.492227 2140.6689341574
61.096568959596 24.492227 2114.6502988296
61.184851787879 24.492227 2073.513275854
61.273134616162 24.492227 2063.6963671597
61.361417444444 24.492227 2083.5166127433
61.449700272727 24.492227 2090.4545034057
61.53798310101 24.492227 2100.8443744301
61.626265929293 24.492227 2117.8582375376
61.714548757576 24.492227 2122.4186244517
61.802831585859 24.492227 2132.7713907906
61.891114414141 24.492227 2130.1999751093
61.979397242424 24.492227 2121.2043948657
62.067680070707 24.492227 2136.3650200437
62.15596289899 24.492227 2136.8100719493
62.244245727273 24.492227 2140.8836192267
62.332528555556 24.492227 2142.2423659567
62.420811383838 24.492227 2120.3530580001
62.509094212121 24.492227 2132.5743505568
62.597377040404 24.492227 2157.654092936
62.685659868687 24.492227 2133.9989864409
62.77394269697 24.492227 2116.1902028985
62.862225525253 24.492227 2158.5409641585
62.950508353535 24.492227 2168.8832067939
63.038791181818 24.492227 2175.5199695046
63.127074010101 24.492227 2197.8317480016
63.215356838384 24.492227 2204.2460476888
63.303639666667 24.492227 2225.544525199
63.391922494949 24.492227 2211.062117536
63.480205323232 24.492227 2218.2030855833
63.568488151515 24.492227 2197.6445385315
63.656770979798 24.492227 2138.9213226529
63.745053808081 24.492227 2056.9583171138
63.833336636364 24.492227 1999.9129748643
63.921619464646 24.492227 1999.9778188124
64.009902292929 24.492227 1999.6142663232
64.098185121212 24.492227 2026.0028725355
64.186467949495 24.492227 2051.2202800843
64.274750777778 24.492227 2054.3778250808
64.363033606061 24.492227 2066.0819679302
64.451316434343 24.492227 2047.9023141963
64.539599262626 24.492227 2109.0011024036
64.627882090909 24.492227 2147.4810098659
64.716164919192 24.492227 2132.5278795604
57.918387141414 24.579227 1999.999998878
58.006669969697 24.579227 2000.0000006091
58.09495279798 24.579227 1999.9999997287
58.183235626263 24.579227 1999.9999969801
58.271518454545 24.579227 2000.0000002392
58.359801282828 24.579227 1999.9980147143
58.448084111111 24.579227 1999.9987763824
58.536366939394 24.579227 1999.9497301624
58.624649767677 24.579227 1999.7055486984
58.71293259596 24.579227 1999.8896965452
58.801215424242 24.579227 1999.9773609912
58.889498252525 24.579227 1999.9525145156
58.977781080808 24.579227 1999.2321423275
59.066063909091 24.579227 1999.521776287
59.154346737374 24.579227 1999.9912385395
59.242629565657 24.579227 2000.000003411
59.330912393939 24.579227 2000.0000003532
59.419195222222 24.579227 1999.9971155843
59.507478050505 24.579227 1999.685128541
59.595760878788 24.579227 2004.3326906444
59.684043707071 24.579227 2011.0522165261
59.772326535354 24.579227 2052.3088804455
59.860609363636 24.579227 2053.4217182861
59.948892191919 24.579227 2078.2573861966
60.037175020202 24.579227 2098.6531294879
60.125457848485 24.579227 2075.9555583
60.213740676768 24.579227 2081.4732174568
60.302023505051 24.579227 2138.754406273
60.390306333333 24.579227 2146.7915489064
60.478589161616 24.579227 2141.8554626135
60.566871989899 24.579227 2130.7541451964
60.655154818182 24.579227 2115.0627165211
60.743437646465 24.579227 2120.1912777872
60.831720474747 24.579227 2130.0758857019
60.92000330303 24.579227 2116.4037773219
61.008286131313 24.579227 2105.4098622641
61.096568959596 24.579227 2094.3847621603
61.184851787879 24.579227 2071.0822178141
61.273134616162 24.579227 2072.5726911673
61.361417444444 24.579227 2085.0410076039
61.449700272727 24.579227 2096.6630312111
61.53798310101 24.579227 2110.7901678885
61.626265929293 24.579227 2117.4853411873
61.714548757576 24.579227 2119.2014678335
61.802831585859 24.579227 2130.3447270619
61.891114414141 24.579227 2130.1717441702
61.979397242424 24.579227 2134.6233088442
62.067680070707 24.579227 2142.2842093141
62.15596289899 24.579227 2129.371774948
62.244245727273 24.579227 2132.1356360007
62.332528555556 24.579227 2129.9239875153
62.420811383838 24.579227 2134.1193113698
62.509094212121 24.579227 2152.8177018131
62.597377040404 24.579227 2142.2174640656
62.685659868687 24.579227 2142.5760078806
62.77394269697 24.579227 2134.9193226774
62.862225525253 24.579227 2118.0580856349
62.950508353535 24.579227 2130.3439805434
63.038791181818 24.579227 2165.8782202417
63.127074010101 24.579227 2163.1199697901
63.215356838384 24.579227 2171.2867600508
63.303639666667 24.579227 2188.3974422951
63.391922494949 24.579227 2164.4517529144
63.480205323232 24.579227 2156.0263444807
63.568488151515 24.579227 2135.965103608
63.656770979798 24.579227 2152.8892096196
63.745053808081 24.579227 2119.4370442262
63.833336636364 24.579227 2040.754330962
63.921619464646 24.579227 2029.1452164364
64.009902292929 24.579227 2076.8708002396
64.098185121212 24.579227 2056.005252396
64.186467949495 24.579227 2031.1062519237
64.274750777778 24.579227 2035.7647339168
64.363033606061 24.579227 2068.1178100253
64.451316434343 24.579227 2058.2517477306
64.539599262626 24.579227 2069.9378496269
64.627882090909 24.579227 2076.8431418502
64.716164919192 24.579227 2150.3284225962
64.804447747475 24.579227 2167.0392696781
64.892730575758 24.579227 2136.6039851178
64.98101340404 24.579227 2132.5362146769
65.069296232323 24.579227 2097.7860552994
65.157579060606 24.579227 2056.7534947292
65.245861888889 24.579227 2048.6351634574
65.334144717172 24.579227 2057.2331744024
65.422427545455 24.579227 2152.8786390704
57.830104313131 24.666227 1999.9999991862
57.918387141414 24.666227 1999.999999765
58.006669969697 24.666227 2000.0000001505
58.09495279798 24.666227 1999.9999995146
58.183235626263 24.666227 1999.988589098
58.271518454545 24.666227 1999.6897564366
58.359801282828 24.666227 2009.7757336342
58.448084111111 24.666227 2005.7399291006
58.536366939394 24.666227 2058.604821693
58.624649767677 24.666227 2077.8222620673
58.71293259596 24.666227 2037.6607761537
58.801215424242 24.666227 2039.2178240417
58.889498252525 24.666227 2052.2300899516
58.977781080808 24.666227 2064.4442224019
59.066063909091 24.666227 2058.9120937027
59.154346737374 24.666227 2012.6535115465
59.242629565657 24.666227 1999.9638448114
59.330912393939 24.666227 1999.998618858
59.419195222222 24.666227 1999.9995973506
59.507478050505 24.666227 2000.0267061701
59.595760878788 24.666227 1999.894249336
59.684043707071 24.666227 1999.8965702961
59.772326535354 24.666227 2014.4601056152
59.860609363636 24.666227 2038.2286726509
59.948892191919 24.666227 2067.2572249642
60.037175020202 24.666227 2084.8595693997
60.125457848485 24.666227 2090.8323166477
60.213740676768 24.666227 2090.6694049565
60.302023505051 24.666227 2093.2164245469
60.390306333333 24.666227 2124.9428044785
60.478589161616 24.666227 2166.1063207803
60.566871989899 24.666227 2119.9622618748
60.655154818182 24.666227 2123.0579191854
60.743437646465 24.666227 2139.2530575386
60.831720474747 24.666227 2139.295677638
60.92000330303 24.666227 2125.0394493649
61.008286131313 24.666227 2119.1143892083
61.096568959596 24.666227 2100.8122882725
61.184851787879 24.666227 2096.6042634622
61.273134616162 24.666227 2100.9848986845
61.361417444444 24.666227 2084.4823960148
61.449700272727 24.666227 2107.3032042718
61.53798310101 24.666227 2116.5624336585
61.626265929293 24.666227 2128.2381605485
61.714548757576 24.666227 2116.4119049519
61.802831585859 24.666227 2118.0185838765
61.891114414141 24.666227 2128.6539183266
61.979397242424 24.666227 2142.6276906123
62.067680070707 24.666227 2143.9614282443
62.15596289899 24.666227 2145.8481875113
62.244245727273 24.666227 2130.8319129795
62.332528555556 24.666227 2137.273502095
62.420811383838 24.666227 2133.9644036702
62.509094212121 24.666227 2136.9543425943
62.597377040404 24.666227 2139.8258507449
62.685659868687 24.666227 2140.2155626108
62.77394269697 24.666227 2138.5123908012
62.862225525253 24.666227 2105.5224290887
62.950508353535 24.666227 2101.2113585763
63.038791181818 24.666227 2137.8668628609
63.127074010101 24.666227 2153.2745851314
63.215356838384 24.666227 2155.0601682222
63.303639666667 24.666227 2146.7250118059
63.391922494949 24.666227 2128.6607530714
63.480205323232 24.666227 2096.5689680795
63.568488151515 24.666227 2090.8044095768
63.656770979798 24.666227 2120.6509123505
63.745053808081 24.666227 2119.8231246907
63.833336636364 24.666227 2090.6640450838
63.921619464646 24.666227 2078.4790975547
64.009902292929 24.666227 2064.7194438708
64.098185121212 24.666227 2019.7536327748
64.186467949495 24.666227 2000.2000367399
64.274750777778 24.666227 2032.8525834543
64.363033606061 24.666227 2022.3983449109
64.451316434343 24.666227 2030.9359719786
64.539599262626 24.666227 2025.1748215044
64.627882090909 24.666227 2036.1637378917
64.716164919192 24.666227 2088.8739403527
64.804447747475 24.666227 2113.7808776672
64.892730575758 24.666227 2108.3590856675
64.98101340404 24.666227 2043.2570218039
65.069296232323 24.666227 1999.8263707694
65.157579060606 24.666227 1999.9275214398
65.245861888889 24.666227 2000.793865062
65.334144717172 24.666227 2036.4307185473
65.422427545455 24.666227 2071.9484369925
65.510710373737 24.666227 2142.3804661102
65.59899320202 24.666227 2150.2124966902
65.687276030303 24.666227 2176.8226863323
57.830104313131 24.753227 1999.9969111625
57.918387141414 24.753227 2000.000000169
58.006669969697 24.753227 1999.9962654768
58.09495279798 24.753227 1999.8173482949
58.183235626263 24.753227 2019.8034021459
58.271518454545 24.753227 2061.5348581226
58.359801282828 24.753227 2104.5334288311
58.448084111111 24.753227 2084.6423338923
58.536366939394 24.753227 2098.7367757949
58.624649767677 24.753227 2130.1137959532
58.71293259596 24.753227 2103.6297166136
58.801215424242 24.753227 2102.0826058298
58.889498252525 24.753227 2117.3940762816
58.977781080808 24.753227 2072.8998738852
59.066063909091 24.753227 2072.6707938466
59.154346737374 24.753227 2059.2471007021
59.242629565657 24.753227 2019.9682119291
59.330912393939 24.753227 2005.8282744105
59.419195222222 24.753227 1999.6089517331
59.507478050505 24.753227 2014.329673905
59.595760878788 24.753227 2018.1724019149
59.684043707071 24.753227 2004.5183164157
59.772326535354 24.753227 1999.8102456242
59.860609363636 24.753227 2023.0092505956
59.948892191919 24.753227 2016.7495051807
60.037175020202 24.753227 2026.2910832508
60.125457848485 24.753227 2032.587332397
60.213740676768 24.753227 2044.5589386439
60.302023505051 24.753227 2062.913202824
60.390306333333 24.753227 2095.3611801178
60.478589161616 24.753227 2108.5216798187
60.566871989899 24.753227 2090.4031999389
60.655154818182 24.753227 2081.1421760806
60.743437646465 24.753227 2085.0610982955
60.831720474747 24.753227 2122.8087168798
60.92000330303 24.753227 2123.0586292358
61.008286131313 24.753227 2121.4217886655
61.096568959596 24.753227 2117.3248293703
61.184851787879 24.753227 2106.7401248716
61.273134616162 24.753227 2100.1739360882
61.361417444444 24.753227 2111.9012112791
61.449700272727 24.753227 2134.5518285008
61.53798310101 24.753227 2128.9569908864
61.626265929293 24.753227 2138.0763412971
61.714548757576 24.753227 2127.4596446189
61.802831585859 24.753227 2119.1781604031
61.891114414141 24.753227 2136.4393405287
61.979397242424 24.753227 2146.064688131
62.067680070707 24.753227 2145.2564403933
62.15596289899 24.753227 2140.8833845652
62.244245727273 24.753227 2132.0626192178
62.332528555556 24.753227 2149.1611564233
62.420811383838 24.753227 2137.8913986241
62.509094212121 24.753227 2131.1223576323
62.597377040404 24.753227 2135.9135482478
62.685659868687 24.753227 2150.76879582
62.77394269697 24.753227 2157.1736558649
62.862225525253 24.753227 2132.9165276301
62.950508353535 24.753227 2129.7534334897
63.038791181818 24.753227 2143.9041900792
63.127074010101 24.753227 2131.2400033216
63.215356838384 24.753227 2143.674152048
63.303639666667 24.753227 2131.2433048821
63.391922494949 24.753227 2112.1253557019
63.480205323232 24.753227 2115.7735272053
63.568488151515 24.753227 2106.1805264683
63.656770979798 24.753227 2104.4681077934
63.745053808081 24.753227 2113.4558186791
63.833336636364 24.753227 2087.8812353801
63.921619464646 24.753227 2056.2265975706
64.009902292929 24.753227 2037.5604286733
64.098185121212 24.753227 2024.7705000989
64.186467949495 24.753227 2002.3888092137
64.274750777778 24.753227 2003.2473486874
64.363033606061 24.753227 1999.7825166136
64.451316434343 24.753227 2009.6611617015
64.539599262626 24.753227 2008.50858598
64.627882090909 24.753227 2007.3332493056
64.716164919192 24.753227 2058.0959458535
64.804447747475 24.753227 2078.5708681704
64.892730575758 24.753227 2076.6687805713
64.98101340404 24.753227 2038.3416552355
65.069296232323 24.753227 1999.9398455416
65.157579060606 24.753227 1999.9962884636
65.245861888889 24.753227 1999.9965259692
65.334144717172 24.753227 1999.8506045743
65.422427545455 24.753227 2011.0389707826
65.510710373737 24.753227 2056.9150051632
65.59899320202 24.753227 2104.9133139937
65.687276030303 24.753227 2110.2505847141
65.775558858586 24.753227 2068.0273130299
57.830104313131 24.840227 2011.2772381332
57.918387141414 24.840227 1999.89560382
58.006669969697 24.840227 2012.2017117127
58.09495279798 24.840227 2052.5169987013
58.183235626263 24.840227 2089.4310604268
58.271518454545 24.840227 2143.0498024302
58.359801282828 24.840227 2181.6452209961
58.448084111111 24.840227 2181.1448047694
58.536366939394 24.840227 2170.1754319731
58.624649767677 24.840227 2171.7857604755
58.71293259596 24.840227 2155.1614615118
58.801215424242 24.840227 2152.8532214628
58.889498252525 24.840227 2140.1039628251
58.977781080808 24.840227 2069.8275399791
59.066063909091 24.840227 2067.4791247375
59.154346737374 24.840227 2054.5956644031
59.242629565657 24.840227 2046.6197189143
59.330912393939 24.840227 2032.3571144667
59.419195222222 24.840227 2018.9521839993
59.507478050505 24.840227 2009.7079949255
59.595760878788 24.840227 1999.9334097356
59.684043707071 24.840227 2017.9621719446
59.772326535354 24.840227 2015.5796978061
59.860609363636 24.840227 2008.3422837188
59.948892191919 24.840227 2029.931327101
60.037175020202 24.840227 2049.9210472553
60.125457848485 24.840227 2067.9418584758
60.213740676768 24.840227 2075.916243766
60.302023505051 24.840227 2087.1153346268
60.390306333333 24.840227 2096.3725953578
60.478589161616 24.840227 2107.1030829207
60.566871989899 24.840227 2088.0358776748
60.655154818182 24.840227 2079.7447252226
60.743437646465 24.840227 2081.4374966569
60.831720474747 24.840227 2104.5632445138
60.92000330303 24.840227 2127.2208627119
61.008286131313 24.840227 2140.8612075213
61.096568959596 24.840227 2128.1281134881
61.184851787879 24.840227 2115.7915942443
61.273134616162 24.840227 2103.3109814576
61.361417444444 24.840227 2115.2260025737
61.449700272727 24.840227 2112.866376983
61.53798310101 24.840227 2103.544425122
61.626265929293 24.840227 2114.2701604328
61.714548757576 24.840227 2114.2812059173
61.802831585859 24.840227 2113.6100992864
61.891114414141 24.840227 2140.4522527107
61.979397242424 24.840227 2162.053114272
62.067680070707 24.840227 2153.3933322179
62.15596289899 24.840227 2130.4575051943
62.244245727273 24.840227 2126.8921690277
62.332528555556 24.840227 2145.1370857092
62.420811383838 24.840227 2143.1942129691
62.509094212121 24.840227 2128.9493185516
62.597377040404 24.840227 2133.5301927957
62.685659868687 24.840227 2151.3750029554
62.77394269697 24.840227 2151.1507713584
62.862225525253 24.840227 2144.7422466814
62.950508353535 24.840227 2144.8168900938
63.038791181818 24.840227 2146.9391643238
63.127074010101 24.840227 2148.7943290211
63.215356838384 24.840227 2156.9941386699
63.303639666667 24.840227 2149.3823058714
63.391922494949 24.840227 2139.1859180406
63.480205323232 24.840227 2156.7623403731
63.568488151515 24.840227 2159.9457518966
63.656770979798 24.840227 2129.4364538939
63.745053808081 24.840227 2110.4922571734
63.833336636364 24.840227 2083.4605640119
63.921619464646 24.840227 2090.4842983823
64.009902292929 24.840227 2051.3837307355
64.098185121212 24.840227 2030.2676358627
64.186467949495 24.840227 2057.5034408928
64.274750777778 24.840227 2047.6221125343
64.363033606061 24.840227 2020.6501029723
64.451316434343 24.840227 2033.1894750654
64.539599262626 24.840227 2061.47785172
64.627882090909 24.840227 2061.0082314082
64.716164919192 24.840227 2081.0205522177
64.804447747475 24.840227 2094.6533363282
64.892730575758 24.840227 2083.856392761
64.98101340404 24.840227 2036.4358140633
65.069296232323 24.840227 2000.4400818501
65.157579060606 24.840227 2013.5064436873
65.245861888889 24.840227 1999.833735596
65.334144717172 24.840227 1999.99999822
65.422427545455 24.840227 1999.9932250637
65.510710373737 24.840227 1999.7102592505
65.59899320202 24.840227 2041.1937240419
65.687276030303 24.840227 2068.9800244998
65.775558858586 24.840227 2000.0485780274
57.741821484848 24.927227 2012.9741675314
57.830104313131 24.927227 2033.0320509636
57.918387141414 24.927227 2033.9139523486
58.006669969697 24.927227 2053.5129725734
58.09495279798 24.927227 2082.9127175589
58.183235626263 24.927227 2115.2566262441
58.271518454545 24.927227 2155.5048157264
58.359801282828 24.927227 2188.0859170818
58.448084111111 24.927227 2187.0936545631
58.536366939394 24.927227 2166.4801256985
58.624649767677 24.927227 2148.434006872
58.71293259596 24.927227 2103.7709520051
58.801215424242 24.927227 2099.1948038105
58.889498252525 24.927227 2080.4456035013
58.977781080808 24.927227 2065.2902121328
59.066063909091 24.927227 2048.8560232649
59.154346737374 24.927227 2041.1178220514
59.242629565657 24.927227 2039.9573861743
59.330912393939 24.927227 2036.7321446185
59.419195222222 24.927227 2014.4310011979
59.507478050505 24.927227 2008.8171500635
59.595760878788 24.927227 2026.5851183856
59.684043707071 24.927227 2046.7522115924
59.772326535354 24.927227 2040.878937229
59.860609363636 24.927227 2055.7546336982
59.948892191919 24.927227 2072.1496264099
60.037175020202 24.927227 2066.9975367904
60.125457848485 24.927227 2092.4105266575
60.213740676768 24.927227 2099.5655737406
60.302023505051 24.927227 2124.8019338865
60.390306333333 24.927227 2114.8861574204
60.478589161616 24.927227 2106.4063500625
60.566871989899 24.927227 2104.6797102752
60.655154818182 24.927227 2115.6243236433
60.743437646465 24.927227 2127.1170538276
60.831720474747 24.927227 2121.2534322668
60.92000330303 24.927227 2125.4432770948
61.008286131313 24.927227 2138.1835504069
61.096568959596 24.927227 2118.9300887143
61.184851787879 24.927227 2103.6476684128
61.273134616162 24.927227 2095.5052545731
61.361417444444 24.927227 2083.7010461041
61.449700272727 24.927227 2093.2895104156
61.53798310101 24.927227 2101.4975104056
61.626265929293 24.927227 2107.5132019441
61.714548757576 24.927227 2113.8210033015
61.802831585859 24.927227 2115.8364002618
61.891114414141 24.927227 2121.5673167215
61.979397242424 24.927227 2145.0349610265
62.067680070707 24.927227 2135.6461570356
62.15596289899 24.927227 2107.2775281565
62.244245727273 24.927227 2121.5848752361
62.332528555556 24.927227 2139.712923669
62.420811383838 24.927227 2134.1700253718
62.509094212121 24.927227 2119.5310412232
62.597377040404 24.927227 2129.0346000505
62.685659868687 24.927227 2151.1026321291
62.77394269697 24.927227 2161.340779916
62.862225525253 24.927227 2155.3631368574
62.950508353535 24.927227 2155.9823458576
63.038791181818 24.927227 2160.6191259236
63.127074010101 24.927227 2159.1420388549
63.215356838384 24.927227 2157.2628587888
63.303639666667 24.927227 2168.2847004366
63.391922494949 24.927227 2174.0744480078
63.480205323232 24.927227 2185.7725558248
63.568488151515 24.927227 2174.573395376
63.656770979798 24.927227 2150.157466216
63.745053808081 24.927227 2123.4143130033
63.833336636364 24.927227 2111.2401871423
63.921619464646 24.927227 2111.7729615777
64.009902292929 24.927227 2124.6383751508
64.098185121212 24.927227 2117.5800697195
64.186467949495 24.927227 2099.7385923187
64.274750777778 24.927227 2077.5096950802
64.363033606061 24.927227 2057.0491621116
64.451316434343 24.927227 2063.8096399822
64.539599262626 24.927227 2075.1295031794
64.627882090909 24.927227 2059.8961184464
64.716164919192 24.927227 2081.5909305869
64.804447747475 24.927227 2087.6155640108
64.892730575758 24.927227 2100.0649652994
64.98101340404 24.927227 2091.0998426933
65.069296232323 24.927227 2067.3030042109
65.157579060606 24.927227 2024.25580986
65.245861888889 24.927227 2005.9191714607
65.334144717172 24.927227 1999.793038121
65.422427545455 24.927227 2002.2293525919
65.510710373737 24.927227 2008.118934385
65.59899320202 24.927227 2021.6989765366
65.687276030303 24.927227 2025.7355565119
65.775558858586 24.927227 2025.8547667764
57.741821484848 25.014227 2053.8491912986
57.830104313131 25.014227 2085.4258093222
57.918387141414 25.014227 2092.9625734036
58.006669969697 25.014227 2107.4628452437
58.09495279798 25.014227 2115.4370847107
58.183235626263 25.014227 2132.7481907379
58.271518454545 25.014227 2158.6000991859
58.359801282828 25.014227 2158.5954754994
58.448084111111 25.014227 2153.9370711491
58.536366939394 25.014227 2143.7441233532
58.624649767677 25.014227 2144.6692022845
58.71293259596 25.014227 2076.1232654348
58.801215424242 25.014227 2087.8045249074
58.889498252525 25.014227 2075.8674110591
58.977781080808 25.014227 2085.0466547212
59.066063909091 25.014227 2075.7922057804
59.154346737374 25.014227 2067.1484368871
59.242629565657 25.014227 2048.6079481659
59.330912393939 25.014227 2047.1073856792
59.419195222222 25.014227 2044.2545168835
59.507478050505 25.014227 2044.3164632371
59.595760878788 25.014227 2056.0445144716
59.684043707071 25.014227 2054.2952888504
59.772326535354 25.014227 2065.0590804076
59.860609363636 25.014227 2059.5670626503
59.948892191919 25.014227 2067.4961902632
60.037175020202 25.014227 2092.9849436792
60.125457848485 25.014227 2119.7036926624
60.213740676768 25.014227 2115.456991365
60.302023505051 25.014227 2138.2244326165
60.390306333333 25.014227 2138.0375672297
60.478589161616 25.014227 2128.8322575704
60.566871989899 25.014227 2133.6246251814
60.655154818182 25.014227 2145.3959546491
60.743437646465 25.014227 2141.0720433433
60.831720474747 25.014227 2141.5594026886
60.92000330303 25.014227 2140.7096058345
61.008286131313 25.014227 2124.1721962991
61.096568959596 25.014227 2121.8869697973
61.184851787879 25.014227 2121.838118311
61.273134616162 25.014227 2108.4371303954
61.361417444444 25.014227 2103.632054539
61.449700272727 25.014227 2102.6465983514
61.53798310101 25.014227 2099.149950585
61.626265929293 25.014227 2105.2153330874
61.714548757576 25.014227 2110.3082454055
61.802831585859 25.014227 2122.9785035565
61.891114414141 25.014227 2133.6201991337
61.979397242424 25.014227 2138.6310337902
62.067680070707 25.014227 2129.2842907512
62.15596289899 25.014227 2115.0156565518
62.244245727273 25.014227 2114.221646786
62.332528555556 25.014227 2122.5850568184
62.420811383838 25.014227 2117.2694545393
62.509094212121 25.014227 2119.969372553
62.597377040404 25.014227 2128.9414642372
62.685659868687 25.014227 2134.9589947442
62.77394269697 25.014227 2146.0719585569
62.862225525253 25.014227 2155.6301295119
62.950508353535 25.014227 2163.0324558669
63.038791181818 25.014227 2163.8014998312
63.127074010101 25.014227 2169.8353576324
63.215356838384 25.014227 2173.6932396508
63.303639666667 25.014227 2168.2473890847
63.391922494949 25.014227 2162.5442678117
63.480205323232 25.014227 2175.731810206
63.568488151515 25.014227 2173.2097923657
63.656770979798 25.014227 2153.2685345316
63.745053808081 25.014227 2141.5610746259
63.833336636364 25.014227 2129.0545509456
63.921619464646 25.014227 2124.6696250682
64.009902292929 25.014227 2116.0716887346
64.098185121212 25.014227 2110.0847687571
64.186467949495 25.014227 2104.0832685377
64.274750777778 25.014227 2089.8796747788
64.363033606061 25.014227 2065.500396159
64.451316434343 25.014227 2060.9477301385
64.539599262626 25.014227 2065.105707782
64.627882090909 25.014227 2072.3944834286
64.716164919192 25.014227 2129.2133942833
64.804447747475 25.014227 2134.170444466
64.892730575758 25.014227 2117.4619960448
64.98101340404 25.014227 2113.9819096736
65.069296232323 25.014227 2116.0748379756
65.157579060606 25.014227 2087.2694250643
65.245861888889 25.014227 2050.881305107
65.334144717172 25.014227 2034.9709952241
65.422427545455 25.014227 2005.1683285682
65.510710373737 25.014227 1999.9866020627
65.59899320202 25.014227 1999.9494622523
65.687276030303 25.014227 1999.769265469
65.775558858586 25.014227 2007.0900140169
57.653538656566 25.101227 2071.4825536626
57.741821484848 25.101227 2083.9469155597
57.830104313131 25.101227 2101.7457534376
57.918387141414 25.101227 2135.2590391546
58.006669969697 25.101227 2115.4785631879
58.09495279798 25.101227 2118.7527351121
58.183235626263 25.101227 2091.8559665695
58.271518454545 25.101227 2102.1546265901
58.359801282828 25.101227 2104.2343152925
58.448084111111 25.101227 2113.9645467454
58.536366939394 25.101227 2097.8434973514
58.624649767677 25.101227 2086.139553843
58.71293259596 25.101227 2050.9199086943
58.801215424242 25.101227 2059.6373338571
58.889498252525 25.101227 2074.0119275552
58.977781080808 25.101227 2071.8315319062
59.066063909091 25.101227 2066.6191331777
59.154346737374 25.101227 2073.4060203577
59.242629565657 25.101227 2072.6269493789
59.330912393939 25.101227 2065.5573294587
59.419195222222 25.101227 2063.4174997317
59.507478050505 25.101227 2058.8728043858
59.595760878788 25.101227 2060.2490464069
59.684043707071 25.101227 2074.2694199096
59.772326535354 25.101227 2091.0402129467
59.860609363636 25.101227 2080.7062392186
59.948892191919 25.101227 2073.8388942828
60.037175020202 25.101227 2111.6244041195
60.125457848485 25.101227 2122.9883359168
60.213740676768 25.101227 2124.5146728156
60.302023505051 25.101227 2131.2547712952
60.390306333333 25.101227 2123.1538230105
60.478589161616 25.101227 2117.8075922476
60.566871989899 25.101227 2127.8934861453
60.655154818182 25.101227 2153.0595515817
60.743437646465 25.101227 2140.3453477804
60.831720474747 25.101227 2134.4591833202
60.92000330303 25.101227 2143.4474206448
61.008286131313 25.101227 2133.5068520489
61.096568959596 25.101227 2132.1287697819
61.184851787879 25.101227 2127.946621723
61.273134616162 25.101227 2131.1906385216
61.361417444444 25.101227 2132.4560418497
61.449700272727 25.101227 2119.784254962
61.53798310101 25.101227 2106.8990027835
61.626265929293 25.101227 2105.0221472
61.714548757576 25.101227 2115.3087146989
61.802831585859 25.101227 2126.5762955798
61.891114414141 25.101227 2134.8874596803
61.979397242424 25.101227 2140.2835411187
62.067680070707 25.101227 2131.9582146359
62.15596289899 25.101227 2122.8742915639
62.244245727273 25.101227 2124.4809005858
62.332528555556 25.101227 2118.1741813431
62.420811383838 25.101227 2116.3204237119
62.509094212121 25.101227 2121.9941087045
62.597377040404 25.101227 2134.7495862218
62.685659868687 25.101227 2140.3650359118
62.77394269697 25.101227 2146.9289996174
62.862225525253 25.101227 2151.1873216756
62.950508353535 25.101227 2151.8707707129
63.038791181818 25.101227 2159.2833063292
63.127074010101 25.101227 2167.6492057076
63.215356838384 25.101227 2165.9953559463
63.303639666667 25.101227 2170.3545296579
63.391922494949 25.101227 2176.1183467915
63.480205323232 25.101227 2177.5610875464
63.568488151515 25.101227 2177.2088451736
63.656770979798 25.101227 2165.0518465969
63.745053808081 25.101227 2153.7216296023
63.833336636364 25.101227 2141.2310925823
63.921619464646 25.101227 2134.9263087191
64.009902292929 25.101227 2128.5222738437
64.098185121212 25.101227 2118.1620984368
64.186467949495 25.101227 2105.4291068707
64.274750777778 25.101227 2095.853758185
64.363033606061 25.101227 2080.268751517
64.451316434343 25.101227 2084.0496344328
64.539599262626 25.101227 2083.1426611209
64.627882090909 25.101227 2078.0263111488
64.716164919192 25.101227 2092.7217244083
64.804447747475 25.101227 2103.3156490256
64.892730575758 25.101227 2095.1560518496
64.98101340404 25.101227 2098.5161382894
65.069296232323 25.101227 2122.2229228249
65.157579060606 25.101227 2116.209975267
65.245861888889 25.101227 2077.4781928259
65.334144717172 25.101227 2054.9180252834
65.422427545455 25.101227 2001.3114960077
65.510710373737 25.101227 1999.9974833277
65.59899320202 25.101227 1999.9999991025
65.687276030303 25.101227 1999.999718213
65.775558858586 25.101227 1999.9965366318
65.863841686869 25.101227 2000.8151717213
57.653538656566 25.188227 2082.8774578655
57.741821484848 25.188227 2113.0266765318
57.830104313131 25.188227 2135.6089343808
57.918387141414 25.188227 2120.6957505716
58.006669969697 25.188227 2077.9373011811
58.09495279798 25.188227 2067.5804272005
58.183235626263 25.188227 2053.4523824786
58.271518454545 25.188227 2060.3007518446
58.359801282828 25.188227 2062.2155432532
58.448084111111 25.188227 2077.9733737545
58.536366939394 25.188227 2088.3336321446
58.624649767677 25.188227 2082.3024563396
58.71293259596 25.188227 2079.7772841914
58.801215424242 25.188227 2100.9200019145
58.889498252525 25.188227 2096.3627416079
58.977781080808 25.188227 2083.2262705302
59.066063909091 25.188227 2077.7064979615
59.154346737374 25.188227 2084.2135701426
59.242629565657 25.188227 2078.8093923647
59.330912393939 25.188227 2055.7989845382
59.419195222222 25.188227 2041.9037249274
59.507478050505 25.188227 2045.2568509449
59.595760878788 25.188227 2067.8789123676
59.684043707071 25.188227 2088.5318826575
59.772326535354 25.188227 2086.987948852
59.860609363636 25.188227 2093.3420450413
59.948892191919 25.188227 2090.872203647
60.037175020202 25.188227 2121.9696472319
60.125457848485 25.188227 2132.9845901204
60.213740676768 25.188227 2130.330156755
60.302023505051 25.188227 2134.1109565046
60.390306333333 25.188227 2130.5750252259
60.478589161616 25.188227 2130.4110856849
60.566871989899 25.188227 2145.0808344251
60.655154818182 25.188227 2187.0714434918
60.743437646465 25.188227 2157.0615218897
60.831720474747 25.188227 2142.9069130749
60.92000330303 25.188227 2145.0740674472
61.008286131313 25.188227 2142.0674076684
61.096568959596 25.188227 2133.7562323208
61.184851787879 25.188227 2134.6206419677
61.273134616162 25.188227 2144.4906271559
61.361417444444 25.188227 2154.7909477319
61.449700272727 25.188227 2145.4693110794
61.53798310101 25.188227 2122.3002019645
61.626265929293 25.188227 2113.4111064598
61.714548757576 25.188227 2121.5241019474
61.802831585859 25.188227 2135.0852452465
61.891114414141 25.188227 2144.27692927
61.979397242424 25.188227 2149.9754954203
62.067680070707 25.188227 2142.9835549191
62.15596289899 25.188227 2138.4261953925
62.244245727273 25.188227 2136.8369075792
62.332528555556 25.188227 2141.4765620934
62.420811383838 25.188227 2143.7350540861
62.509094212121 25.188227 2143.9371991389
62.597377040404 25.188227 2140.3599833933
62.685659868687 25.188227 2138.7531545408
62.77394269697 25.188227 2136.7087641434
62.862225525253 25.188227 2137.6037555582
62.950508353535 25.188227 2143.79355021
63.038791181818 25.188227 2154.4204124106
63.127074010101 25.188227 2160.6139501307
63.215356838384 25.188227 2166.7586857121
63.303639666667 25.188227 2174.0967538944
63.391922494949 25.188227 2180.0460324729
63.480205323232 25.188227 2181.8406416835
63.568488151515 25.188227 2176.6704412879
63.656770979798 25.188227 2165.7842731569
63.745053808081 25.188227 2156.7006326025
63.833336636364 25.188227 2148.0741250039
63.921619464646 25.188227 2136.1226615912
64.009902292929 25.188227 2130.5043961757
64.098185121212 25.188227 2124.8560491042
64.186467949495 25.188227 2117.1583550955
64.274750777778 25.188227 2113.0642703063
64.363033606061 25.188227 2114.4330956891
64.451316434343 25.188227 2114.7811204373
64.539599262626 25.188227 2103.6579250612
64.627882090909 25.188227 2101.2733644372
64.716164919192 25.188227 2114.2998693985
64.804447747475 25.188227 2112.4771422967
64.892730575758 25.188227 2116.3742288526
64.98101340404 25.188227 2119.9678195261
65.069296232323 25.188227 2125.2206804422
65.157579060606 25.188227 2108.8684248705
65.245861888889 25.188227 2078.963796376
65.334144717172 25.188227 2061.721204738
65.422427545455 25.188227 2030.1104945442
65.510710373737 25.188227 1999.8330651565
65.59899320202 25.188227 1999.9996703249
65.687276030303 25.188227 2000.0000000505
65.775558858586 25.188227 1999.9868533698
65.863841686869 25.188227 1999.9726566852
57.565255828283 25.275227 2063.1545973633
57.653538656566 25.275227 2082.1524377558
57.741821484848 25.275227 2071.2940482761
57.830104313131 25.275227 2067.3254121439
57.918387141414 25.275227 2063.8377158164
58.006669969697 25.275227 2042.6810647892
58.09495279798 25.275227 2016.597390462
58.183235626263 25.275227 2024.7263526591
58.271518454545 25.275227 2045.2614413567
58.359801282828 25.275227 2079.0099481822
58.448084111111 25.275227 2095.9936416401
58.536366939394 25.275227 2117.9570748227
58.624649767677 25.275227 2114.8070999218
58.71293259596 25.275227 2114.4773023525
58.801215424242 25.275227 2115.2830554003
58.889498252525 25.275227 2108.8595155373
58.977781080808 25.275227 2093.7835340692
59.066063909091 25.275227 2087.6385682929
59.154346737374 25.275227 2073.6011315145
59.242629565657 25.275227 2038.6019242025
59.330912393939 25.275227 2028.6578232179
59.419195222222 25.275227 2039.8537983839
59.507478050505 25.275227 2054.9278826685
59.595760878788 25.275227 2072.4722493212
59.684043707071 25.275227 2079.696388731
59.772326535354 25.275227 2110.0701344083
59.860609363636 25.275227 2134.7734795789
59.948892191919 25.275227 2123.6381040665
60.037175020202 25.275227 2124.1256650512
60.125457848485 25.275227 2131.3636885984
60.213740676768 25.275227 2135.3394845777
60.302023505051 25.275227 2139.5138783765
60.390306333333 25.275227 2135.9546327078
60.478589161616 25.275227 2135.9189156056
60.566871989899 25.275227 2145.5706483405
60.655154818182 25.275227 2147.8962232405
60.743437646465 25.275227 2147.0903644468
60.831720474747 25.275227 2160.8300551951
60.92000330303 25.275227 2162.0672778349
61.008286131313 25.275227 2154.765907309
61.096568959596 25.275227 2139.855979266
61.184851787879 25.275227 2141.3978087061
61.273134616162 25.275227 2150.9726877939
61.361417444444 25.275227 2168.508431448
61.449700272727 25.275227 2163.1598194338
61.53798310101 25.275227 2143.5224282742
61.626265929293 25.275227 2135.4490675951
61.714548757576 25.275227 2136.4048185408
61.802831585859 25.275227 2145.5329743524
61.891114414141 25.275227 2157.8174881516
61.979397242424 25.275227 2162.7856147222
62.067680070707 25.275227 2161.082837369
62.15596289899 25.275227 2160.7964657175
62.244245727273 25.275227 2155.7685628491
62.332528555556 25.275227 2158.6811759126
62.420811383838 25.275227 2154.9564378372
62.509094212121 25.275227 2149.1781378135
62.597377040404 25.275227 2143.2087924007
62.685659868687 25.275227 2142.017782239
62.77394269697 25.275227 2138.8539891245
62.862225525253 25.275227 2139.0277149628
62.950508353535 25.275227 2142.0206365031
63.038791181818 25.275227 2144.286199008
63.127074010101 25.275227 2151.6305634761
63.215356838384 25.275227 2159.3859187075
63.303639666667 25.275227 2169.7126264985
63.391922494949 25.275227 2180.6477707438
63.480205323232 25.275227 2181.5631781061
63.568488151515 25.275227 2176.0476447859
63.656770979798 25.275227 2174.0971406442
63.745053808081 25.275227 2172.7492373608
63.833336636364 25.275227 2177.5599145121
63.921619464646 25.275227 2172.6476466047
64.009902292929 25.275227 2169.0430072964
64.098185121212 25.275227 2160.4214389246
64.186467949495 25.275227 2156.7690209035
64.274750777778 25.275227 2149.9491707984
64.363033606061 25.275227 2144.0696609412
64.451316434343 25.275227 2136.7475282033
64.539599262626 25.275227 2133.1161372121
64.627882090909 25.275227 2134.0623757363
64.716164919192 25.275227 2121.7169775118
64.804447747475 25.275227 2127.9393944858
64.892730575758 25.275227 2138.9383898175
64.98101340404 25.275227 2146.7672272027
65.069296232323 25.275227 2152.6269520462
65.157579060606 25.275227 2148.6191658619
65.245861888889 25.275227 2083.6700003953
65.334144717172 25.275227 2045.2929626533
65.422427545455 25.275227 2059.4656291415
65.510710373737 25.275227 2023.289635539
65.59899320202 25.275227 2002.3389264152
65.687276030303 25.275227 1999.9967950311
65.775558858586 25.275227 1999.9999986856
65.863841686869 25.275227 1999.9984544776
57.565255828283 25.362227 2047.9008970387
57.653538656566 25.362227 2055.1501632422
57.741821484848 25.362227 2063.3379197688
57.830104313131 25.362227 2081.9230285963
57.918387141414 25.362227 2098.7258235041
58.006669969697 25.362227 2069.4282690896
58.09495279798 25.362227 2051.0010511496
58.183235626263 25.362227 2063.3245021677
58.271518454545 25.362227 2062.4604865045
58.359801282828 25.362227 2089.5440876072
58.448084111111 25.362227 2103.9568044178
58.536366939394 25.362227 2113.537383633
58.624649767677 25.362227 2114.2332176563
58.71293259596 25.362227 2120.2273822199
58.801215424242 25.362227 2122.9974613981
58.889498252525 25.362227 2125.3517974208
58.977781080808 25.362227 2108.9368564476
59.066063909091 25.362227 2105.8454058403
59.154346737374 25.362227 2088.0387523007
59.242629565657 25.362227 2047.9221919625
59.330912393939 25.362227 2045.1784817615
59.419195222222 25.362227 2064.7885669203
59.507478050505 25.362227 2086.810808136
59.595760878788 25.362227 2098.2400565708
59.684043707071 25.362227 2109.9246028145
59.772326535354 25.362227 2133.611650751
59.860609363636 25.362227 2147.4318891401
59.948892191919 25.362227 2143.4518346731
60.037175020202 25.362227 2143.7025458322
60.125457848485 25.362227 2150.0954910203
60.213740676768 25.362227 2158.3117228542
60.302023505051 25.362227 2152.7526153697
60.390306333333 25.362227 2158.7954550218
60.478589161616 25.362227 2161.4472499237
60.566871989899 25.362227 2157.0191731894
60.655154818182 25.362227 2154.7139168682
60.743437646465 25.362227 2169.3369802631
60.831720474747 25.362227 2177.4111246275
60.92000330303 25.362227 2176.0693937216
61.008286131313 25.362227 2155.2222593097
61.096568959596 25.362227 2142.7970441307
61.184851787879 25.362227 2144.6727963192
61.273134616162 25.362227 2156.1871848579
61.361417444444 25.362227 2169.9508506724
61.449700272727 25.362227 2170.1385494413
61.53798310101 25.362227 2159.0004195711
61.626265929293 25.362227 2145.0296142984
61.714548757576 25.362227 2144.9862442816
61.802831585859 25.362227 2152.4633653898
61.891114414141 25.362227 2161.4971310736
61.979397242424 25.362227 2169.9793165284
62.067680070707 25.362227 2174.7081219014
62.15596289899 25.362227 2171.4210706299
62.244245727273 25.362227 2170.9166551475
62.332528555556 25.362227 2170.4152933267
62.420811383838 25.362227 2172.3907354219
62.509094212121 25.362227 2171.006328356
62.597377040404 25.362227 2158.8917190919
62.685659868687 25.362227 2147.2213686107
62.77394269697 25.362227 2146.376619888
62.862225525253 25.362227 2150.9577109822
62.950508353535 25.362227 2156.3172120432
63.038791181818 25.362227 2159.8944946106
63.127074010101 25.362227 2164.5119320596
63.215356838384 25.362227 2167.9964857444
63.303639666667 25.362227 2176.8550304208
63.391922494949 25.362227 2180.4383591323
63.480205323232 25.362227 2185.8783737121
63.568488151515 25.362227 2186.1753599412
63.656770979798 25.362227 2187.6055154009
63.745053808081 25.362227 2186.0712319806
63.833336636364 25.362227 2192.8083831146
63.921619464646 25.362227 2187.7115618727
64.009902292929 25.362227 2185.081786862
64.098185121212 25.362227 2183.3612453835
64.186467949495 25.362227 2182.1474643373
64.274750777778 25.362227 2174.5241349062
64.363033606061 25.362227 2168.3102564038
64.451316434343 25.362227 2156.2591727002
64.539599262626 25.362227 2142.290685487
64.627882090909 25.362227 2136.9652707861
64.716164919192 25.362227 2141.5591303021
64.804447747475 25.362227 2149.2529887329
64.892730575758 25.362227 2154.0273235473
64.98101340404 25.362227 2157.0837141645
65.069296232323 25.362227 2156.3024237245
65.157579060606 25.362227 2142.5531878582
65.245861888889 25.362227 2129.6152589475
65.334144717172 25.362227 2090.7479569783
65.422427545455 25.362227 2088.5233645959
65.510710373737 25.362227 2060.2778552425
65.59899320202 25.362227 2027.5832749379
65.687276030303 25.362227 2001.933171578
65.775558858586 25.362227 1999.9471510276
65.863841686869 25.362227 2004.5322963809
57.565255828283 25.449227 2084.1416469071
57.653538656566 25.449227 2102.3174218955
57.741821484848 25.449227 2102.4801312902
57.830104313131 25.449227 2102.080126814
57.918387141414 25.449227 2124.307248145
58.006669969697 25.449227 2115.6358501245
58.09495279798 25.449227 2116.8991995163
58.183235626263 25.449227 2115.7025390113
58.271518454545 25.449227 2104.9820452218
58.359801282828 25.449227 2107.2847729403
58.448084111111 25.449227 2119.933551513
58.536366939394 25.449227 2131.2670633694
58.624649767677 25.449227 2127.4361727426
58.71293259596 25.449227 2128.8354653678
58.801215424242 25.449227 2133.9401660446
58.889498252525 25.449227 2135.3803893127
58.977781080808 25.449227 2131.6547588031
59.066063909091 25.449227 2132.3824847541
59.154346737374 25.449227 2125.4065865774
59.242629565657 25.449227 2105.2546389401
59.330912393939 25.449227 2104.4163105263
59.419195222222 25.449227 2112.8326237053
59.507478050505 25.449227 2129.1858828133
59.595760878788 25.449227 2137.0080211832
59.684043707071 25.449227 2145.5560206288
59.772326535354 25.449227 2140.8966253902
59.860609363636 25.449227 2160.6353866361
59.948892191919 25.449227 2173.6816720062
60.037175020202 25.449227 2169.6219514725
60.125457848485 25.449227 2181.8858179196
60.213740676768 25.449227 2190.131030523
60.302023505051 25.449227 2183.7540532853
60.390306333333 25.449227 2183.5426128166
60.478589161616 25.449227 2178.6071486907
60.566871989899 25.449227 2178.1517473456
60.655154818182 25.449227 2183.759096503
60.743437646465 25.449227 2181.1986769179
60.831720474747 25.449227 2172.8780521177
60.92000330303 25.449227 2159.3946889326
61.008286131313 25.449227 2138.2670679108
61.096568959596 25.449227 2143.0206879705
61.184851787879 25.449227 2146.0812353392
61.273134616162 25.449227 2157.025188385
61.361417444444 25.449227 2168.2811090951
61.449700272727 25.449227 2168.968990661
61.53798310101 25.449227 2163.0531369435
61.626265929293 25.449227 2148.9910049674
61.714548757576 25.449227 2149.2425707552
61.802831585859 25.449227 2151.0381665681
61.891114414141 25.449227 2158.3510897322
61.979397242424 25.449227 2169.8583616185
62.067680070707 25.449227 2175.6766312992
62.15596289899 25.449227 2181.3106301739
62.244245727273 25.449227 2180.4428942446
62.332528555556 25.449227 2182.2898687112
62.420811383838 25.449227 2180.2199899174
62.509094212121 25.449227 2156.659211944
62.597377040404 25.449227 2149.6819791536
62.685659868687 25.449227 2163.0349460403
62.77394269697 25.449227 2160.0941676703
62.862225525253 25.449227 2166.4041628614
62.950508353535 25.449227 2164.1395817409
63.038791181818 25.449227 2168.1520193227
63.127074010101 25.449227 2172.2698367751
63.215356838384 25.449227 2174.580275583
63.303639666667 25.449227 2179.8414773754
63.391922494949 25.449227 2180.8937473234
63.480205323232 25.449227 2179.8384845896
63.568488151515 25.449227 2185.5920319113
63.656770979798 25.449227 2189.6365155781
63.745053808081 25.449227 2187.6766620897
63.833336636364 25.449227 2195.5977184073
63.921619464646 25.449227 2199.395640363
64.009902292929 25.449227 2195.5402238272
64.098185121212 25.449227 2188.4689274396
64.186467949495 25.449227 2184.7684168532
64.274750777778 25.449227 2182.7665851304
64.363033606061 25.449227 2180.3927616285
64.451316434343 25.449227 2176.3224389518
64.539599262626 25.449227 2173.2547276346
64.627882090909 25.449227 2154.936781667
64.716164919192 25.449227 2146.7478238118
64.804447747475 25.449227 2147.2389889805
64.892730575758 25.449227 2153.3430822024
64.98101340404 25.449227 2159.3518884103
65.069296232323 25.449227 2152.771772284
65.157579060606 25.449227 2167.2202911911
65.245861888889 25.449227 2151.0678512159
65.334144717172 25.449227 2136.3359627999
65.422427545455 25.449227 2126.1531952956
65.510710373737 25.449227 2104.008795853
65.59899320202 25.449227 2071.7130738284
65.687276030303 25.449227 2059.4728510014
65.775558858586 25.449227 2025.3135506189
65.863841686869 25.449227 2017.2273024076
65.952124515152 25.449227 2022.7017992707
57.565255828283 25.536227 2129.5273307018
57.653538656566 25.536227 2152.8128964351
57.741821484848 25.536227 2164.8693125395
57.830104313131 25.536227 2186.2855051461
57.918387141414 25.536227 2175.5106998218
58.006669969697 25.536227 2150.9866137611
58.09495279798 25.536227 2139.6117781451
58.183235626263 25.536227 2124.3758296318
58.271518454545 25.536227 2115.3377227704
58.359801282828 25.536227 2112.5873333646
58.448084111111 25.536227 2130.3230195153
58.536366939394 25.536227 2138.0575763544
58.624649767677 25.536227 2136.2809468773
58.71293259596 25.536227 2144.8599528727
58.801215424242 25.536227 2149.7812460603
58.889498252525 25.536227 2150.5946289109
58.977781080808 25.536227 2152.3848452681
59.066063909091 25.536227 2154.1902517928
59.154346737374 25.536227 2142.8351877113
59.242629565657 25.536227 2139.7294545858
59.330912393939 25.536227 2140.9765590123
59.419195222222 25.536227 2143.3499659998
59.507478050505 25.536227 2155.3360704528
59.595760878788 25.536227 2167.0342347277
59.684043707071 25.536227 2162.3209409051
59.772326535354 25.536227 2160.7993224396
59.860609363636 25.536227 2174.3348150258
59.948892191919 25.536227 2188.0987798731
60.037175020202 25.536227 2184.0628724549
60.125457848485 25.536227 2191.9474706244
60.213740676768 25.536227 2183.9918821547
60.302023505051 25.536227 2178.7484450665
60.390306333333 25.536227 2172.2481487492
60.478589161616 25.536227 2173.4706289501
60.566871989899 25.536227 2189.882180151
60.655154818182 25.536227 2188.6399827833
60.743437646465 25.536227 2184.9841004992
60.831720474747 25.536227 2171.0426739361
60.92000330303 25.536227 2151.4706782056
61.008286131313 25.536227 2139.7300416066
61.096568959596 25.536227 2136.7300680204
61.184851787879 25.536227 2153.9586729979
61.273134616162 25.536227 2160.9480937068
61.361417444444 25.536227 2168.3702173188
61.449700272727 25.536227 2169.4714966097
61.53798310101 25.536227 2162.3719579534
61.626265929293 25.536227 2148.9544026589
61.714548757576 25.536227 2144.7027290294
61.802831585859 25.536227 2145.9405869185
61.891114414141 25.536227 2153.1450786058
61.979397242424 25.536227 2165.3853065204
62.067680070707 25.536227 2172.1907204172
62.15596289899 25.536227 2170.7072681415
62.244245727273 25.536227 2166.4706245242
62.332528555556 25.536227 2182.3948845631
62.420811383838 25.536227 2190.5761565002
62.509094212121 25.536227 2189.0758941277
62.597377040404 25.536227 2182.7243865926
62.685659868687 25.536227 2174.8772486751
62.77394269697 25.536227 2174.366609681
62.862225525253 25.536227 2177.6453448871
62.950508353535 25.536227 2180.4863857701
63.038791181818 25.536227 2184.042045578
63.127074010101 25.536227 2177.5519581858
63.215356838384 25.536227 2176.7851570748
63.303639666667 25.536227 2177.3542303661
63.391922494949 25.536227 2183.5873896235
63.480205323232 25.536227 2182.9888612513
63.568488151515 25.536227 2183.8220197156
63.656770979798 25.536227 2182.2869081763
63.745053808081 25.536227 2191.7763175952
63.833336636364 25.536227 2196.804614999
63.921619464646 25.536227 2190.0660393385
64.009902292929 25.536227 2178.6988251964
64.098185121212 25.536227 2183.357535629
64.186467949495 25.536227 2185.4227903931
64.274750777778 25.536227 2184.8415822622
64.363033606061 25.536227 2180.5024503991
64.451316434343 25.536227 2173.7445436403
64.539599262626 25.536227 2153.7726466486
64.627882090909 25.536227 2142.2640005732
64.716164919192 25.536227 2140.4283789385
64.804447747475 25.536227 2155.3705778705
64.892730575758 25.536227 2166.4188861267
64.98101340404 25.536227 2175.3096907157
65.069296232323 25.536227 2171.7393186465
65.157579060606 25.536227 2162.7879839052
65.245861888889 25.536227 2166.3434704805
65.334144717172 25.536227 2167.5205531381
65.422427545455 25.536227 2103.7089921887
65.510710373737 25.536227 2114.0626376745
65.59899320202 25.536227 2128.7559421078
65.687276030303 25.536227 2089.862465983
65.775558858586 25.536227 2081.2170291436
65.863841686869 25.536227 2075.6765277589
65.952124515152 25.536227 2072.0903489413
57.476973 25.623227 2155.788006663
57.565255828283 25.623227 2166.9835186982
57.653538656566 25.623227 2196.4345219206
57.741821484848 25.623227 2198.9436667124
57.830104313131 25.623227 2204.105472615
57.918387141414 25.623227 2206.8952699709
58.006669969697 25.623227 2173.7908917526
58.09495279798 25.623227 2152.7520189587
58.183235626263 25.623227 2142.7214210869
58.271518454545 25.623227 2139.0343468024
58.359801282828 25.623227 2141.2234088862
58.448084111111 25.623227 2144.73810359
58.536366939394 25.623227 2148.3909058494
58.624649767677 25.623227 2150.1330873395
58.71293259596 25.623227 2153.8588444102
58.801215424242 25.623227 2161.474595667
58.889498252525 25.623227 2167.963940671
58.977781080808 25.623227 2166.4520255619
59.066063909091 25.623227 2164.5287277692
59.154346737374 25.623227 2156.5755292564
59.242629565657 25.623227 2161.6248346443
59.330912393939 25.623227 2160.3347131524
59.419195222222 25.623227 2158.5218708364
59.507478050505 25.623227 2168.5730962949
59.595760878788 25.623227 2162.8698936937
59.684043707071 25.623227 2165.7566314212
59.772326535354 25.623227 2161.9890694631
59.860609363636 25.623227 2171.949665232
59.948892191919 25.623227 2176.315039696
60.037175020202 25.623227 2165.6418555231
60.125457848485 25.623227 2177.3338999158
60.213740676768 25.623227 2190.5634749969
60.302023505051 25.623227 2172.1638616564
60.390306333333 25.623227 2164.2592083385
60.478589161616 25.623227 2196.8440022092
60.566871989899 25.623227 2197.409153701
60.655154818182 25.623227 2193.7312822638
60.743437646465 25.623227 2187.541586917
60.831720474747 25.623227 2166.7468661705
60.92000330303 25.623227 2157.4317163744
61.008286131313 25.623227 2151.9744374525
61.096568959596 25.623227 2154.1330437272
61.184851787879 25.623227 2162.6983499987
61.273134616162 25.623227 2164.0974149872
61.361417444444 25.623227 2165.7875428922
61.449700272727 25.623227 2163.8007512226
61.53798310101 25.623227 2158.6626592359
61.626265929293 25.623227 2150.248526987
61.714548757576 25.623227 2144.5762029797
61.802831585859 25.623227 2147.5156608162
61.891114414141 25.623227 2151.2314809088
61.979397242424 25.623227 2159.8714161283
62.067680070707 25.623227 2171.5847256573
62.15596289899 25.623227 2173.461021702
62.244245727273 25.623227 2176.9157513
62.332528555556 25.623227 2186.001778647
62.420811383838 25.623227 2181.1202509309
62.509094212121 25.623227 2186.5629077608
62.597377040404 25.623227 2187.0056658519
62.685659868687 25.623227 2188.5455122452
62.77394269697 25.623227 2187.1976662489
62.862225525253 25.623227 2177.2428349994
62.950508353535 25.623227 2183.0090048601
63.038791181818 25.623227 2187.637023039
63.127074010101 25.623227 2187.8766724096
63.215356838384 25.623227 2186.0585287134
63.303639666667 25.623227 2183.7160211524
63.391922494949 25.623227 2181.5671005287
63.480205323232 25.623227 2176.6972994397
63.568488151515 25.623227 2173.6559410446
63.656770979798 25.623227 2175.1193381478
63.745053808081 25.623227 2176.9942770162
63.833336636364 25.623227 2171.961411835
63.921619464646 25.623227 2186.6282246866
64.009902292929 25.623227 2186.839952437
64.098185121212 25.623227 2177.9244367184
64.186467949495 25.623227 2175.0786899162
64.274750777778 25.623227 2172.2348462367
64.363033606061 25.623227 2169.4308820794
64.451316434343 25.623227 2166.0940419701
64.539599262626 25.623227 2166.3266689456
64.627882090909 25.623227 2163.7500558557
64.716164919192 25.623227 2171.699331518
64.804447747475 25.623227 2170.7741715994
64.892730575758 25.623227 2172.4704048483
64.98101340404 25.623227 2174.738622931
65.069296232323 25.623227 2168.1672885757
65.157579060606 25.623227 2168.5357267
65.245861888889 25.623227 2158.163174433
65.334144717172 25.623227 2138.509655601
65.422427545455 25.623227 2164.5011694441
65.510710373737 25.623227 2173.9246836077
65.59899320202 25.623227 2133.6865964533
65.687276030303 25.623227 2154.8459508322
65.775558858586 25.623227 2137.3861563817
65.863841686869 25.623227 2116.1618482802
65.952124515152 25.623227 2080.4512149951
57.476973 25.710227 2202.5964949069
57.565255828283 25.710227 2209.4640831388
57.653538656566 25.710227 2214.0085059734
57.741821484848 25.710227 2194.8814017956
57.830104313131 25.710227 2188.0452413234
57.918387141414 25.710227 2222.1551287323
58.006669969697 25.710227 2216.4201432404
58.09495279798 25.710227 2195.7102867338
58.183235626263 25.710227 2182.3811381745
58.271518454545 25.710227 2173.6498791849
58.359801282828 25.710227 2164.9394842611
58.448084111111 25.710227 2160.5929926144
58.536366939394 25.710227 2165.1932935432
58.624649767677 25.710227 2168.5669058777
58.71293259596 25.710227 2179.2744189864
58.801215424242 25.710227 2182.1472835875
58.889498252525 25.710227 2180.8096359946
58.977781080808 25.710227 2173.3040617351
59.066063909091 25.710227 2180.7343532652
59.154346737374 25.710227 2180.2149483894
59.242629565657 25.710227 2173.6296970828
59.330912393939 25.710227 2175.130841275
59.419195222222 25.710227 2171.2678630417
59.507478050505 25.710227 2163.3615912236
59.595760878788 25.710227 2170.5541219925
59.684043707071 25.710227 2170.4378091351
59.772326535354 25.710227 2166.9413877294
59.860609363636 25.710227 2169.4405430945
59.948892191919 25.710227 2166.7181538681
60.037175020202 25.710227 2166.5504189222
60.125457848485 25.710227 2172.3663088793
60.213740676768 25.710227 2172.4753375163
60.302023505051 25.710227 2169.5834396775
60.390306333333 25.710227 2175.6942700547
60.478589161616 25.710227 2201.9786303
60.566871989899 25.710227 2212.0182934787
60.655154818182 25.710227 2194.3775338352
60.743437646465 25.710227 2175.6369796014
60.831720474747 25.710227 2171.7996646029
60.92000330303 25.710227 2163.2926023768
61.008286131313 25.710227 2158.1673443909
61.096568959596 25.710227 2162.5427220443
61.184851787879 25.710227 2162.0566469508
61.273134616162 25.710227 2163.971505637
61.361417444444 25.710227 2161.3775762499
61.449700272727 25.710227 2160.6842917047
61.53798310101 25.710227 2155.0470252509
61.626265929293 25.710227 2153.5526537905
61.714548757576 25.710227 2143.1304418665
61.802831585859 25.710227 2145.2166337369
61.891114414141 25.710227 2153.4479458911
61.979397242424 25.710227 2163.8281375846
62.067680070707 25.710227 2169.423851602
62.15596289899 25.710227 2174.5539418746
62.244245727273 25.710227 2175.525393155
62.332528555556 25.710227 2170.4360405855
62.420811383838 25.710227 2175.0165488276
62.509094212121 25.710227 2181.4874565009
62.597377040404 25.710227 2185.4330613142
62.685659868687 25.710227 2185.3185040692
62.77394269697 25.710227 2179.3126630636
62.862225525253 25.710227 2181.4226240999
62.950508353535 25.710227 2178.5353039613
63.038791181818 25.710227 2173.7938131381
63.127074010101 25.710227 2179.3902233399
63.215356838384 25.710227 2183.0575969017
63.303639666667 25.710227 2187.7868271651
63.391922494949 25.710227 2185.1874562978
63.480205323232 25.710227 2185.9374705372
63.568488151515 25.710227 2181.2391233866
63.656770979798 25.710227 2173.725221022
63.745053808081 25.710227 2179.8657321603
63.833336636364 25.710227 2182.5759947499
63.921619464646 25.710227 2183.6426288815
64.009902292929 25.710227 2175.8907389711
64.098185121212 25.710227 2171.8195669408
64.186467949495 25.710227 2164.6748618998
64.274750777778 25.710227 2167.7089202487
64.363033606061 25.710227 2174.4970507577
64.451316434343 25.710227 2176.6654118362
64.539599262626 25.710227 2172.6742198755
64.627882090909 25.710227 2173.2940243417
64.716164919192 25.710227 2166.8825115629
64.804447747475 25.710227 2167.0076072501
64.892730575758 25.710227 2171.6013308252
64.98101340404 25.710227 2168.576743932
65.069296232323 25.710227 2170.6479435317
65.157579060606 25.710227 2172.2519330019
65.245861888889 25.710227 2181.7231390576
65.334144717172 25.710227 2196.2388822953
65.422427545455 25.710227 2198.1213081643
65.510710373737 25.710227 2181.9438463709
65.59899320202 25.710227 2178.0714049774
65.687276030303 25.710227 2173.1014763322
65.775558858586 25.710227 2148.6825464059
65.863841686869 25.710227 2147.3053331878
65.952124515152 25.710227 2144.7324501993
57.476973 25.797227 2185.2503488992
57.565255828283 25.797227 2196.0816086263
57.653538656566 25.797227 2203.0426249355
57.741821484848 25.797227 2196.5620001526
57.830104313131 25.797227 2207.002688988
57.918387141414 25.797227 2213.9193754289
58.006669969697 25.797227 2211.1212241236
58.09495279798 25.797227 2216.5314811715
58.183235626263 25.797227 2206.8325012223
58.271518454545 25.797227 2194.5073998001
58.359801282828 25.797227 2184.6909122799
58.448084111111 25.797227 2196.0203106663
58.536366939394 25.797227 2197.4639805755
58.624649767677 25.797227 2195.3728991319
58.71293259596 25.797227 2196.9749081839
58.801215424242 25.797227 2202.1944725337
58.889498252525 25.797227 2180.2522258944
58.977781080808 25.797227 2195.6151975685
59.066063909091 25.797227 2174.4654778665
59.154346737374 25.797227 2177.529700883
59.242629565657 25.797227 2177.2557953244
59.330912393939 25.797227 2174.085017054
59.419195222222 25.797227 2170.1016741229
59.507478050505 25.797227 2169.6790102099
59.595760878788 25.797227 2168.0844652614
59.684043707071 25.797227 2169.4796347486
59.772326535354 25.797227 2168.5889880912
59.860609363636 25.797227 2174.5176545781
59.948892191919 25.797227 2166.9830158043
60.037175020202 25.797227 2154.6605033542
60.125457848485 25.797227 2166.84979332
60.213740676768 25.797227 2175.6276870059
60.302023505051 25.797227 2171.2271595434
60.390306333333 25.797227 2175.395278809
60.478589161616 25.797227 2181.153740417
60.566871989899 25.797227 2181.6736050497
60.655154818182 25.797227 2172.8712638054
60.743437646465 25.797227 2174.6512831543
60.831720474747 25.797227 2166.4801994999
60.92000330303 25.797227 2163.776430066
61.008286131313 25.797227 2157.9817830595
61.096568959596 25.797227 2159.0627557437
61.184851787879 25.797227 2156.4496786384
61.273134616162 25.797227 2154.8603196031
61.361417444444 25.797227 2154.0547476128
61.449700272727 25.797227 2154.8898667719
61.53798310101 25.797227 2153.0638596577
61.626265929293 25.797227 2147.9964905153
61.714548757576 25.797227 2147.268275173
61.802831585859 25.797227 2151.88747459
61.891114414141 25.797227 2153.7917096027
61.979397242424 25.797227 2158.6043082159
62.067680070707 25.797227 2172.0758307163
62.15596289899 25.797227 2176.6904275158
62.244245727273 25.797227 2177.5804922082
62.332528555556 25.797227 2179.0238118111
62.420811383838 25.797227 2177.722428917
62.509094212121 25.797227 2180.7119998323
62.597377040404 25.797227 2184.4586866818
62.685659868687 25.797227 2183.5114504615
62.77394269697 25.797227 2180.0714247151
62.862225525253 25.797227 2176.4874954872
62.950508353535 25.797227 2176.2135711698
63.038791181818 25.797227 2180.0728517153
63.127074010101 25.797227 2178.715341312
63.215356838384 25.797227 2176.6112796823
63.303639666667 25.797227 2176.2026827987
63.391922494949 25.797227 2178.8250421657
63.480205323232 25.797227 2174.9270630255
63.568488151515 25.797227 2170.5724705515
63.656770979798 25.797227 2170.1373184094
63.745053808081 25.797227 2166.1094497999
63.833336636364 25.797227 2167.2400163695
63.921619464646 25.797227 2181.4293362974
64.009902292929 25.797227 2184.642766718
64.098185121212 25.797227 2185.1752902921
64.186467949495 25.797227 2181.62398016
64.274750777778 25.797227 2178.6645089791
64.363033606061 25.797227 2175.5904672622
64.451316434343 25.797227 2172.6993009013
64.539599262626 25.797227 2169.9833986341
64.627882090909 25.797227 2177.2449822503
64.716164919192 25.797227 2178.6221059023
64.804447747475 25.797227 2170.3410154996
64.892730575758 25.797227 2175.7209544473
64.98101340404 25.797227 2178.2337732484
65.069296232323 25.797227 2188.3271121697
65.157579060606 25.797227 2199.1450638635
65.245861888889 25.797227 2208.0401510872
65.334144717172 25.797227 2207.6706223651
65.422427545455 25.797227 2195.6123030872
65.510710373737 25.797227 2203.6674770944
65.59899320202 25.797227 2202.2469508266
65.687276030303 25.797227 2174.978402078
65.775558858586 25.797227 2171.5539428061
65.863841686869 25.797227 2166.0641563991
65.952124515152 25.797227 2160.7101018244
66.040407343434 25.797227 2122.5990943256
57.476973 25.884227 2173.4302100651
57.565255828283 25.884227 2199.4081213968
57.653538656566 25.884227 2207.7112146498
57.741821484848 25.884227 2207.0485799108
57.830104313131 25.884227 2215.1834633885
57.918387141414 25.884227 2233.9143159439
58.006669969697 25.884227 2239.6609631989
58.09495279798 25.884227 2223.4654007402
58.183235626263 25.884227 2214.3180033528
58.271518454545 25.884227 2202.1642422479
58.359801282828 25.884227 2189.0306439698
58.448084111111 25.884227 2211.8083071039
58.536366939394 25.884227 2206.7034629006
58.624649767677 25.884227 2208.6449523966
58.71293259596 25.884227 2179.5985887284
58.801215424242 25.884227 2202.6486963843
58.889498252525 25.884227 2191.4994776344
58.977781080808 25.884227 2198.8116713091
59.066063909091 25.884227 2184.8734371041
59.154346737374 25.884227 2192.2690046046
59.242629565657 25.884227 2171.7078912034
59.330912393939 25.884227 2190.9181226586
59.419195222222 25.884227 2188.7402578023
59.507478050505 25.884227 2170.1261239605
59.595760878788 25.884227 2160.5198395524
59.684043707071 25.884227 2165.0298185891
59.772326535354 25.884227 2166.8283471963
59.860609363636 25.884227 2166.4078027836
59.948892191919 25.884227 2167.7477038037
60.037175020202 25.884227 2168.0909668911
60.125457848485 25.884227 2169.1356870275
60.213740676768 25.884227 2172.5716487857
60.302023505051 25.884227 2173.726161365
60.390306333333 25.884227 2166.2074621748
60.478589161616 25.884227 2168.5850807381
60.566871989899 25.884227 2173.3377204968
60.655154818182 25.884227 2170.1786902407
60.743437646465 25.884227 2174.3172486495
60.831720474747 25.884227 2164.8058169559
60.92000330303 25.884227 2171.1072838195
61.008286131313 25.884227 2161.0441881114
61.096568959596 25.884227 2156.8250708633
61.184851787879 25.884227 2160.4094561035
61.273134616162 25.884227 2159.7399060924
61.361417444444 25.884227 2155.0571366536
61.449700272727 25.884227 2156.2515361415
61.53798310101 25.884227 2156.2828747117
61.626265929293 25.884227 2156.2634326924
61.714548757576 25.884227 2154.7396027628
61.802831585859 25.884227 2150.486392211
61.891114414141 25.884227 2156.7231166826
61.979397242424 25.884227 2156.9251073763
62.067680070707 25.884227 2170.7609013518
62.15596289899 25.884227 2173.9775817143
62.244245727273 25.884227 2173.9977302272
62.332528555556 25.884227 2173.3722119417
62.420811383838 25.884227 2173.6148103031
62.509094212121 25.884227 2177.5123821213
62.597377040404 25.884227 2177.7985296614
62.685659868687 25.884227 2176.2345216328
62.77394269697 25.884227 2177.3358500029
62.862225525253 25.884227 2177.1286894262
62.950508353535 25.884227 2176.4384739252
63.038791181818 25.884227 2175.4789169157
63.127074010101 25.884227 2172.0498651023
63.215356838384 25.884227 2176.1295491584
63.303639666667 25.884227 2177.8756928523
63.391922494949 25.884227 2180.164311368
63.480205323232 25.884227 2180.376062498
63.568488151515 25.884227 2184.1502059409
63.656770979798 25.884227 2182.2433550317
63.745053808081 25.884227 2183.1864901927
63.833336636364 25.884227 2183.896868627
63.921619464646 25.884227 2177.865001367
64.009902292929 25.884227 2176.0744205607
64.098185121212 25.884227 2165.8823578632
64.186467949495 25.884227 2173.2197562016
64.274750777778 25.884227 2169.8724663577
64.363033606061 25.884227 2183.482917084
64.451316434343 25.884227 2179.186887549
64.539599262626 25.884227 2172.7446117263
64.627882090909 25.884227 2172.3521435469
64.716164919192 25.884227 2173.7907535456
64.804447747475 25.884227 2177.4933864822
64.892730575758 25.884227 2184.7124477606
64.98101340404 25.884227 2189.747688311
65.069296232323 25.884227 2189.1483210617
65.157579060606 25.884227 2199.2047209527
65.245861888889 25.884227 2219.1061768629
65.334144717172 25.884227 2225.0912532561
65.422427545455 25.884227 2215.872302162
65.510710373737 25.884227 2196.9333654879
65.59899320202 25.884227 2192.2287536772
65.687276030303 25.884227 2206.7144264197
65.775558858586 25.884227 2183.839992485
65.863841686869 25.884227 2168.4922049805
65.952124515152 25.884227 2147.5358074658
66.040407343434 25.884227 2124.2640772206
