60.124191919192 24.151053846154 -1.7232376959857E+15
60.220060606061 24.151053846154 -1.5372242940048E+15
60.315929292929 24.151053846154 -1.3488023043864E+15
60.411797979798 24.151053846154 -1.1594448734031E+15
60.507666666667 24.151053846154 -9.7030602335778E+14
60.603535353535 24.151053846154 -7.8222029133517E+14
60.699404040404 24.151053846154 -5.9571897436033E+14
60.795272727273 24.151053846154 -4.1112336262078E+14
60.891141414141 24.151053846154 -2.2894975802997E+14
60.98701010101 24.151053846154 -51335790638682
61.082878787879 24.151053846154 1.1292730050108E+14
61.178747474747 24.151053846154 2.3084533859984E+14
61.274616161616 24.151053846154 2.3129032361993E+14
61.370484848485 24.151053846154 1.1417462961112E+14
61.466353535354 24.151053846154 -41117018994680
61.562222222222 24.151053846154 -1.9725607356673E+14
61.658090909091 24.151053846154 -3.4729083427201E+14
61.75395959596 24.151053846154 -4.9726236690618E+14
59.644848484848 24.247138461538 -2.4482397521567E+15
59.740717171717 24.247138461538 -2.2962981194213E+15
59.836585858586 24.247138461538 -2.1309013068333E+15
59.932454545455 24.247138461538 -1.9548088273106E+15
60.028323232323 24.247138461538 -1.7707725466308E+15
60.124191919192 24.247138461538 -1.5814367899681E+15
60.220060606061 24.247138461538 -1.3892414005872E+15
60.315929292929 24.247138461538 -1.1963456567745E+15
60.411797979798 24.247138461538 -1.0045999769373E+15
60.507666666667 24.247138461538 -8.1558486114606E+14
60.603535353535 24.247138461538 -6.3070677531457E+14
60.699404040404 24.247138461538 -4.5132196958943E+14
60.795272727273 24.247138461538 -2.7894788946602E+14
60.891141414141 24.247138461538 -1.1591074034275E+14
60.98701010101 24.247138461538 32806924010884
61.082878787879 24.247138461538 1.5559137385541E+14
61.178747474747 24.247138461538 2.2975145528424E+14
61.274616161616 24.247138461538 2.3065070894457E+14
61.370484848485 24.247138461538 1.6283485009018E+14
61.466353535354 24.247138461538 60749407599164
61.562222222222 24.247138461538 -45421237545970
61.658090909091 24.247138461538 -1.4295813677786E+14
61.75395959596 24.247138461538 -2.3451738339305E+14
61.849828282828 24.247138461538 -3.3769345986866E+14
61.945696969697 24.247138461538 -4.8706714285139E+14
62.041565656566 24.247138461538 -7.1045015242524E+14
62.137434343434 24.247138461538 -9.9762658557068E+14
62.233303030303 24.247138461538 -1.330725849446E+15
62.329171717172 24.247138461538 -1.7009418793708E+15
62.42504040404 24.247138461538 -2.1037500916589E+15
62.520909090909 24.247138461538 -2.5344004936562E+15
62.616777777778 24.247138461538 -2.9814910505297E+15
62.712646464646 24.247138461538 -3.4144590211441E+15
62.808515151515 24.247138461538 -3.7678591425582E+15
62.904383838384 24.247138461538 -3.9401676159352E+15
63.000252525253 24.247138461538 -3.8186005836554E+15
58.877898989899 24.343223076923 -2.8365166145913E+15
58.973767676768 24.343223076923 -2.8677677962279E+15
59.069636363636 24.343223076923 -2.8724288187769E+15
59.165505050505 24.343223076923 -2.849498578879E+15
59.261373737374 24.343223076923 -2.7990551827856E+15
59.357242424242 24.343223076923 -2.7220843474338E+15
59.453111111111 24.343223076923 -2.6203005400859E+15
59.54897979798 24.343223076923 -2.4959780054884E+15
59.644848484848 24.343223076923 -2.3518034393821E+15
59.740717171717 24.343223076923 -2.1907539635127E+15
59.836585858586 24.343223076923 -2.0159958581957E+15
59.932454545455 24.343223076923 -1.8307933291552E+15
60.028323232323 24.343223076923 -1.6384138282824E+15
60.124191919192 24.343223076923 -1.4420193706582E+15
60.220060606061 24.343223076923 -1.2445462196955E+15
60.315929292929 24.343223076923 -1.0486015596566E+15
60.411797979798 24.343223076923 -8.5643701118617E+14
60.507666666667 24.343223076923 -6.7006307746394E+14
60.603535353535 24.343223076923 -4.9150055468983E+14
60.699404040404 24.343223076923 -3.230318673745E+14
60.795272727273 24.343223076923 -1.6730644925234E+14
60.891141414141 24.343223076923 -27586431510836
60.98701010101 24.343223076923 91096419036232
61.082878787879 24.343223076923 1.8006245598362E+14
61.178747474747 24.343223076923 2.2736493235282E+14
61.274616161616 24.343223076923 2.2501398428601E+14
61.370484848485 24.343223076923 1.801079823142E+14
61.466353535354 24.343223076923 1.1527700692606E+14
61.562222222222 24.343223076923 55222651979140
61.658090909091 24.343223076923 13480061787024
61.75395959596 24.343223076923 -10289158260854
61.849828282828 24.343223076923 -29335046172538
61.945696969697 24.343223076923 -98781739447686
62.041565656566 24.343223076923 -3.012348897323E+14
62.137434343434 24.343223076923 -5.7350559025788E+14
62.233303030303 24.343223076923 -8.86455621294E+14
62.329171717172 24.343223076923 -1.2353487198993E+15
62.42504040404 24.343223076923 -1.6194695965574E+15
62.520909090909 24.343223076923 -2.0416064702724E+15
62.616777777778 24.343223076923 -2.504493331699E+15
62.712646464646 24.343223076923 -2.9934816955965E+15
62.808515151515 24.343223076923 -3.433809204493E+15
62.904383838384 24.343223076923 -3.6688878874988E+15
63.000252525253 24.343223076923 -3.5328542629075E+15
63.096121212121 24.343223076923 -2.952784171773E+15
63.19198989899 24.343223076923 -1.727908584656E+15
63.287858585859 24.343223076923 4.9269269543496E+14
63.383727272727 24.343223076923 3.6919133116671E+15
63.479595959596 24.343223076923 7.3193553769339E+15
63.575464646465 24.343223076923 1.0972738283474E+16
63.671333333333 24.343223076923 1.4267953614327E+16
63.767202020202 24.343223076923 1.6708235951216E+16
63.863070707071 24.343223076923 1.7919802058857E+16
63.958939393939 24.343223076923 1.779784155889E+16
64.054808080808 24.343223076923 1.6500137464988E+16
64.150676767677 24.343223076923 1.4350590937774E+16
64.246545454545 24.343223076923 1.1728377874908E+16
64.342414141414 24.343223076923 8.9836339232874E+15
58.206818181818 24.439307692308 -1.9921251335031E+15
58.302686868687 24.439307692308 -2.0973568026494E+15
58.398555555556 24.439307692308 -2.2193385706791E+15
58.494424242424 24.439307692308 -2.34822879776E+15
58.590292929293 24.439307692308 -2.4740837106438E+15
58.686161616162 24.439307692308 -2.5880033723113E+15
58.78203030303 24.439307692308 -2.6826877547301E+15
58.877898989899 24.439307692308 -2.7526063207538E+15
58.973767676768 24.439307692308 -2.7939711885039E+15
59.069636363636 24.439307692308 -2.8046177962337E+15
59.165505050505 24.439307692308 -2.7838321323401E+15
59.261373737374 24.439307692308 -2.7321387029769E+15
59.357242424242 24.439307692308 -2.6510648191389E+15
59.453111111111 24.439307692308 -2.5429050261427E+15
59.54897979798 24.439307692308 -2.4105111349011E+15
59.644848484848 24.439307692308 -2.2571249384715E+15
59.740717171717 24.439307692308 -2.0862567796219E+15
59.836585858586 24.439307692308 -1.9015999916224E+15
59.932454545455 24.439307692308 -1.7069618992345E+15
60.028323232323 24.439307692308 -1.5061861308448E+15
60.124191919192 24.439307692308 -1.3030395441247E+15
60.220060606061 24.439307692308 -1.101049239826E+15
60.315929292929 24.439307692308 -9.0331867752197E+14
60.411797979798 24.439307692308 -7.1243267591708E+14
60.507666666667 24.439307692308 -5.3062651913914E+14
60.603535353535 24.439307692308 -3.6030960396598E+14
60.699404040404 24.439307692308 -2.0464913571063E+14
60.795272727273 24.439307692308 -67398743972284
60.891141414141 24.439307692308 48182268203740
60.98701010101 24.439307692308 1.392081746925E+14
61.082878787879 24.439307692308 2.011947975085E+14
61.178747474747 24.439307692308 2.2822995260272E+14
61.274616161616 24.439307692308 2.178825454055E+14
61.370484848485 24.439307692308 1.7814513539332E+14
61.466353535354 24.439307692308 1.3102390134673E+14
61.562222222222 24.439307692308 1.0507708840229E+14
61.658090909091 24.439307692308 1.1330929694701E+14
61.75395959596 24.439307692308 1.4945254194278E+14
61.849828282828 24.439307692308 2.0526130984312E+14
61.945696969697 24.439307692308 2.4719112167157E+14
62.041565656566 24.439307692308 58934281200194
62.137434343434 24.439307692308 -1.6845147830296E+14
62.233303030303 24.439307692308 -4.3889606542204E+14
62.329171717172 24.439307692308 -7.4130926744358E+14
62.42504040404 24.439307692308 -1.0733641415305E+15
62.520909090909 24.439307692308 -1.4412298783923E+15
62.616777777778 24.439307692308 -1.8635709552385E+15
62.712646464646 24.439307692308 -2.3730889374124E+15
62.808515151515 24.439307692308 -2.9082169462611E+15
62.904383838384 24.439307692308 -3.185634280921E+15
63.000252525253 24.439307692308 -2.8145081204501E+15
63.096121212121 24.439307692308 -1.8492273618976E+15
63.19198989899 24.439307692308 -6.5486258603722E+14
63.287858585859 24.439307692308 2.6223303809295E+15
63.383727272727 24.439307692308 6.0225324569175E+15
63.479595959596 24.439307692308 9.827442026689E+15
63.575464646465 24.439307692308 1.4226239154528E+16
63.671333333333 24.439307692308 1.8501300574211E+16
63.767202020202 24.439307692308 2.1670665442953E+16
63.863070707071 24.439307692308 2.3074170726162E+16
63.958939393939 24.439307692308 2.2594371973662E+16
64.054808080808 24.439307692308 2.0553984803352E+16
64.150676767677 24.439307692308 1.7491679124026E+16
64.246545454545 24.439307692308 1.3971070370175E+16
64.342414141414 24.439307692308 1.0465994299209E+16
64.438282828283 24.439307692308 7.3100838660516E+15
64.534151515152 24.439307692308 4.6966617179645E+15
58.015080808081 24.535392307692 -1.5989683565885E+15
58.110949494949 24.535392307692 -1.6529953985332E+15
58.206818181818 24.535392307692 -1.747102295656E+15
58.302686868687 24.535392307692 -1.8750125944961E+15
58.398555555556 24.535392307692 -2.0250412443842E+15
58.494424242424 24.535392307692 -2.1834889844117E+15
58.590292929293 24.535392307692 -2.3374101560952E+15
58.686161616162 24.535392307692 -2.4759751175772E+15
58.78203030303 24.535392307692 -2.5908165328533E+15
58.877898989899 24.535392307692 -2.6759333299215E+15
58.973767676768 24.535392307692 -2.7274801109542E+15
59.069636363636 24.535392307692 -2.7435417538384E+15
59.165505050505 24.535392307692 -2.7238873025062E+15
59.261373737374 24.535392307692 -2.6696834203851E+15
59.357242424242 24.535392307692 -2.5831758732126E+15
59.453111111111 24.535392307692 -2.46737671677E+15
59.54897979798 24.535392307692 -2.3258016642837E+15
59.644848484848 24.535392307692 -2.1622849581766E+15
59.740717171717 24.535392307692 -1.9808724127259E+15
59.836585858586 24.535392307692 -1.7857726206799E+15
59.932454545455 24.535392307692 -1.5813356635712E+15
60.028323232323 24.535392307692 -1.3720206121269E+15
60.124191919192 24.535392307692 -1.1623003608866E+15
60.220060606061 24.535392307692 -9.564448878428E+14
60.315929292929 24.535392307692 -7.58168031537E+14
60.411797979798 24.535392307692 -5.70286757846E+14
60.507666666667 24.535392307692 -3.9478924294807E+14
60.603535353535 24.535392307692 -2.3376523762159E+14
60.699404040404 24.535392307692 -91078260832332
60.795272727273 24.535392307692 27422583130836
60.891141414141 24.535392307692 1.1855889869233E+14
60.98701010101 24.535392307692 1.8419963840967E+14
61.082878787879 24.535392307692 2.2462289104355E+14
61.178747474747 24.535392307692 2.3586846261855E+14
61.274616161616 24.535392307692 2.1484922245332E+14
61.370484848485 24.535392307692 1.6633689162857E+14
61.466353535354 24.535392307692 1.1280139940975E+14
61.562222222222 24.535392307692 1.0568622668719E+14
61.658090909091 24.535392307692 1.5843321109321E+14
61.75395959596 24.535392307692 2.3386582542162E+14
61.849828282828 24.535392307692 3.1115758381957E+14
61.945696969697 24.535392307692 3.517482576642E+14
62.041565656566 24.535392307692 3.1008337091724E+14
62.137434343434 24.535392307692 1.9028275792647E+14
62.233303030303 24.535392307692 -30987192520276
62.329171717172 24.535392307692 -2.5966193148754E+14
62.42504040404 24.535392307692 -5.0789512804893E+14
62.520909090909 24.535392307692 -7.7185852069058E+14
62.616777777778 24.535392307692 -1.0506467556806E+15
62.712646464646 24.535392307692 -1.4864924020179E+15
62.808515151515 24.535392307692 -2.1540838190306E+15
62.904383838384 24.535392307692 -2.560938764445E+15
63.000252525253 24.535392307692 -1.6344946645192E+15
63.096121212121 24.535392307692 1.59008631331E+15
63.19198989899 24.535392307692 4.7000945291968E+15
63.287858585859 24.535392307692 7.200181003571E+15
63.383727272727 24.535392307692 8.6659497981208E+15
63.479595959596 24.535392307692 1.2076309285796E+16
63.575464646465 24.535392307692 1.7664615877741E+16
63.671333333333 24.535392307692 2.3614441846232E+16
63.767202020202 24.535392307692 2.7928282019825E+16
63.863070707071 24.535392307692 2.9502184208958E+16
63.958939393939 24.535392307692 2.8333195140595E+16
64.054808080808 24.535392307692 2.5108712353976E+16
64.150676767677 24.535392307692 2.0724366518808E+16
64.246545454545 24.535392307692 1.5998114911794E+16
64.342414141414 24.535392307692 1.1549631838668E+16
64.438282828283 24.535392307692 7.758579011285E+15
64.534151515152 24.535392307692 4.7773538945123E+15
64.63002020202 24.535392307692 2.5962905825102E+15
64.725888888889 24.535392307692 1.1212422221985E+15
64.821757575758 24.535392307692 2.1801082697339E+14
64.917626262626 24.535392307692 -3.108842087532E+14
65.013494949495 24.535392307692 -7.504082413147E+14
65.109363636364 24.535392307692 -1.0437623970537E+15
65.205232323232 24.535392307692 -1.1157824481666E+15
65.301101010101 24.535392307692 -9.9293190273597E+14
65.39696969697 24.535392307692 -7.3170603155486E+14
57.823343434343 24.631476923077 -1.3520784619686E+15
57.919212121212 24.631476923077 -1.3139122331128E+15
58.015080808081 24.631476923077 -1.3157244398599E+15
58.110949494949 24.631476923077 -1.3705000500309E+15
58.206818181818 24.631476923077 -1.4814280400588E+15
58.302686868687 24.631476923077 -1.6387593061805E+15
58.398555555556 24.631476923077 -1.8242974976478E+15
58.494424242424 24.631476923077 -2.0185335736205E+15
58.590292929293 24.631476923077 -2.2048902994255E+15
58.686161616162 24.631476923077 -2.3707292025782E+15
58.78203030303 24.631476923077 -2.5069488933805E+15
58.877898989899 24.631476923077 -2.6073868887981E+15
58.973767676768 24.631476923077 -2.668390613542E+15
59.069636363636 24.631476923077 -2.6885243083102E+15
59.165505050505 24.631476923077 -2.6682822305732E+15
59.261373737374 24.631476923077 -2.6097236819009E+15
59.357242424242 24.631476923077 -2.5160370167588E+15
59.453111111111 24.631476923077 -2.3911100844984E+15
59.54897979798 24.631476923077 -2.2391951498274E+15
59.644848484848 24.631476923077 -2.06471338596E+15
59.740717171717 24.631476923077 -1.8721878804185E+15
59.836585858586 24.631476923077 -1.666262657856E+15
59.932454545455 24.631476923077 -1.4517630421045E+15
60.028323232323 24.631476923077 -1.2337533782504E+15
60.124191919192 24.631476923077 -1.0175211213975E+15
60.220060606061 24.631476923077 -8.0835200082952E+14
60.315929292929 24.631476923077 -6.109233367205E+14
60.411797979798 24.631476923077 -4.2837326174271E+14
60.507666666667 24.631476923077 -2.6177929517555E+14
60.603535353535 24.631476923077 -1.1127060948763E+14
60.699404040404 24.631476923077 20126185775200
60.795272727273 24.631476923077 1.2093355434899E+14
60.891141414141 24.631476923077 1.8460625196089E+14
60.98701010101 24.631476923077 2.2595242882032E+14
61.082878787879 24.631476923077 2.5157644319987E+14
61.178747474747 24.631476923077 2.545640429145E+14
61.274616161616 24.631476923077 2.2682162981519E+14
61.370484848485 24.631476923077 1.6699099067081E+14
61.466353535354 24.631476923077 80859673985926
61.562222222222 24.631476923077 74917388020506
61.658090909091 24.631476923077 1.7795819057137E+14
61.75395959596 24.631476923077 2.6958743443322E+14
61.849828282828 24.631476923077 3.5007158238228E+14
61.945696969697 24.631476923077 4.1138523479445E+14
62.041565656566 24.631476923077 4.5322246980495E+14
62.137434343434 24.631476923077 5.0282986916174E+14
62.233303030303 24.631476923077 2.314637260419E+14
62.329171717172 24.631476923077 1.3246472083194E+14
62.42504040404 24.631476923077 -13611267296974
62.520909090909 24.631476923077 -1.6551321350623E+14
62.616777777778 24.631476923077 -1.8841225460936E+14
62.712646464646 24.631476923077 -2.6680249076101E+14
62.808515151515 24.631476923077 -1.1478385723039E+15
62.904383838384 24.631476923077 -1.8207246578758E+15
63.000252525253 24.631476923077 -1.130517453564E+15
63.096121212121 24.631476923077 7.5680063104243E+15
63.19198989899 24.631476923077 1.7623502762621E+16
63.287858585859 24.631476923077 1.4301069195981E+16
63.383727272727 24.631476923077 9.6056378934945E+15
63.479595959596 24.631476923077 1.266678095653E+16
63.575464646465 24.631476923077 2.088812640239E+16
63.671333333333 24.631476923077 2.9966563858306E+16
63.767202020202 24.631476923077 3.6073497384274E+16
63.863070707071 24.631476923077 3.7601189671843E+16
63.958939393939 24.631476923077 3.5101514573562E+16
64.054808080808 24.631476923077 3.0020320029113E+16
64.150676767677 24.631476923077 2.3782505652674E+16
64.246545454545 24.631476923077 1.7500898002125E+16
64.342414141414 24.631476923077 1.1944427530652E+16
64.438282828283 24.631476923077 7.51483709212E+15
64.534151515152 24.631476923077 4.2566880126201E+15
64.63002020202 24.631476923077 1.9905586852763E+15
64.725888888889 24.631476923077 4.7921329521708E+14
64.821757575758 24.631476923077 -4.9177975303277E+14
64.917626262626 24.631476923077 -1.1099496818999E+15
65.013494949495 24.631476923077 -1.5128574943665E+15
65.109363636364 24.631476923077 -1.7236835582145E+15
65.205232323232 24.631476923077 -1.7223272324912E+15
65.301101010101 24.631476923077 -1.5234820863934E+15
65.39696969697 24.631476923077 -1.1803924823158E+15
65.492838383838 24.631476923077 -7.7490897060717E+14
65.588707070707 24.631476923077 -3.9327586473074E+14
65.684575757576 24.631476923077 -90557580573482
57.727474747475 24.727561538462 -1.1932395699055E+15
57.823343434343 24.727561538462 -1.1004697719064E+15
57.919212121212 24.727561538462 -1.0307821161036E+15
58.015080808081 24.727561538462 -1.0089429140193E+15
58.110949494949 24.727561538462 -1.0603336200212E+15
58.206818181818 24.727561538462 -1.193502937364E+15
58.302686868687 24.727561538462 -1.3908728865901E+15
58.398555555556 24.727561538462 -1.621764751452E+15
58.494424242424 24.727561538462 -1.8583789870968E+15
58.590292929293 24.727561538462 -2.0806988255613E+15
58.686161616162 24.727561538462 -2.2751798260892E+15
58.78203030303 24.727561538462 -2.4327154704355E+15
58.877898989899 24.727561538462 -2.5474049507059E+15
58.973767676768 24.727561538462 -2.6160339215525E+15
59.069636363636 24.727561538462 -2.6378683405449E+15
59.165505050505 24.727561538462 -2.6144113152214E+15
59.261373737374 24.727561538462 -2.5489468599669E+15
59.357242424242 24.727561538462 -2.4459065433936E+15
59.453111111111 24.727561538462 -2.3102401645416E+15
59.54897979798 24.727561538462 -2.1469755141124E+15
59.644848484848 24.727561538462 -1.9610383721274E+15
59.740717171717 24.727561538462 -1.7572777936681E+15
59.836585858586 24.727561538462 -1.5405969546372E+15
59.932454545455 24.727561538462 -1.3161265538078E+15
60.028323232323 24.727561538462 -1.0894199284079E+15
60.124191919192 24.727561538462 -8.6662527268533E+14
60.220060606061 24.727561538462 -6.5444816290831E+14
60.315929292929 24.727561538462 -4.5939258744381E+14
60.411797979798 24.727561538462 -2.8571409938489E+14
60.507666666667 24.727561538462 -1.3322567288399E+14
60.603535353535 24.727561538462 2062156547284
60.699404040404 24.727561538462 1.2372558385414E+14
60.795272727273 24.727561538462 2.139519097304E+14
60.891141414141 24.727561538462 2.3608083102809E+14
60.98701010101 24.727561538462 2.5577997540976E+14
61.082878787879 24.727561538462 2.7943157825612E+14
61.178747474747 24.727561538462 2.874013884189E+14
61.274616161616 24.727561538462 2.630399214093E+14
61.370484848485 24.727561538462 2.0877913399424E+14
61.466353535354 24.727561538462 1.4929709899779E+14
61.562222222222 24.727561538462 1.5412782492445E+14
61.658090909091 24.727561538462 2.1656133875051E+14
61.75395959596 24.727561538462 2.8470087265117E+14
61.849828282828 24.727561538462 3.4981565670362E+14
61.945696969697 24.727561538462 4.0606305619384E+14
62.041565656566 24.727561538462 4.4615112807402E+14
62.137434343434 24.727561538462 4.3026998823616E+14
62.233303030303 24.727561538462 3.2341144922776E+14
62.329171717172 24.727561538462 2.9938956349045E+14
62.42504040404 24.727561538462 2.4277301253615E+14
62.520909090909 24.727561538462 1.851827077911E+14
62.616777777778 24.727561538462 2.4673510956025E+14
62.712646464646 24.727561538462 2.6123073600712E+14
62.808515151515 24.727561538462 -1.8715007945665E+14
62.904383838384 24.727561538462 -78190614643542
63.000252525253 24.727561538462 1.06618993628E+15
63.096121212121 24.727561538462 1.6941852369021E+16
63.19198989899 24.727561538462 4.2023489661095E+16
63.287858585859 24.727561538462 1.7214579328423E+16
63.383727272727 24.727561538462 4.2993338481048E+15
63.479595959596 24.727561538462 1.0016105615977E+16
63.575464646465 24.727561538462 2.3737890214436E+16
63.671333333333 24.727561538462 3.8547223918472E+16
63.767202020202 24.727561538462 4.7133892911034E+16
63.863070707071 24.727561538462 4.7757177367368E+16
63.958939393939 24.727561538462 4.2738452338795E+16
64.054808080808 24.727561538462 3.4890338613253E+16
64.150676767677 24.727561538462 2.6221315767801E+16
64.246545454545 24.727561538462 1.8053770639479E+16
64.342414141414 24.727561538462 1.1293324012719E+16
64.438282828283 24.727561538462 6.3642524598634E+15
64.534151515152 24.727561538462 3.0806573906348E+15
64.63002020202 24.727561538462 9.5543233740773E+14
64.725888888889 24.727561538462 -4.3353146221884E+14
64.821757575758 24.727561538462 -1.3565400330701E+15
64.917626262626 24.727561538462 -1.9694085554346E+15
65.013494949495 24.727561538462 -2.3456319673537E+15
65.109363636364 24.727561538462 -2.4964053418571E+15
65.205232323232 24.727561538462 -2.4126189292032E+15
65.301101010101 24.727561538462 -2.1079407203171E+15
65.39696969697 24.727561538462 -1.6357550249569E+15
65.492838383838 24.727561538462 -1.086663997434E+15
65.588707070707 24.727561538462 -5.6972312041185E+14
65.684575757576 24.727561538462 -1.7739061592371E+14
65.780444444444 24.727561538462 44112236847583
65.876313131313 24.727561538462 1.1392477138004E+14
57.727474747475 24.823646153846 -9.8831775479587E+14
57.823343434343 24.823646153846 -8.5886576561996E+14
57.919212121212 24.823646153846 -7.4360391219037E+14
58.015080808081 24.823646153846 -6.7910118687904E+14
58.110949494949 24.823646153846 -7.1812301591179E+14
58.206818181818 24.823646153846 -8.8476617981498E+14
58.302686868687 24.823646153846 -1.1397740877877E+15
58.398555555556 24.823646153846 -1.4275403120933E+15
58.494424242424 24.823646153846 -1.7112926003786E+15
58.590292929293 24.823646153846 -1.9703485081895E+15
58.686161616162 24.823646153846 -2.1923404676997E+15
58.78203030303 24.823646153846 -2.3691407283148E+15
58.877898989899 24.823646153846 -2.4954111500394E+15
58.973767676768 24.823646153846 -2.5684281431686E+15
59.069636363636 24.823646153846 -2.5882831640916E+15
59.165505050505 24.823646153846 -2.557824778238E+15
59.261373737374 24.823646153846 -2.4820493796862E+15
59.357242424242 24.823646153846 -2.3670776524143E+15
59.453111111111 24.823646153846 -2.2191469544035E+15
59.54897979798 24.823646153846 -2.044018317829E+15
59.644848484848 24.823646153846 -1.8468968158032E+15
59.740717171717 24.823646153846 -1.632668802359E+15
59.836585858586 24.823646153846 -1.4062071365799E+15
59.932454545455 24.823646153846 -1.1726581937291E+15
60.028323232323 24.823646153846 -9.3777625438591E+14
60.124191919192 24.823646153846 -7.0837381404374E+14
60.220060606061 24.823646153846 -4.9285653652258E+14
60.315929292929 24.823646153846 -3.0115192205732E+14
60.411797979798 24.823646153846 -1.4115592326292E+14
60.507666666667 24.823646153846 -11806396154284
60.603535353535 24.823646153846 95873060243340
60.699404040404 24.823646153846 1.8936662261348E+14
60.795272727273 24.823646153846 2.4987681678111E+14
60.891141414141 24.823646153846 2.401677564956E+14
60.98701010101 24.823646153846 2.5752232217104E+14
61.082878787879 24.823646153846 3.0415384130554E+14
61.178747474747 24.823646153846 3.3630857698305E+14
61.274616161616 24.823646153846 3.200264966788E+14
61.370484848485 24.823646153846 2.6705139185682E+14
61.466353535354 24.823646153846 2.3721483168632E+14
61.562222222222 24.823646153846 2.4772079187234E+14
61.658090909091 24.823646153846 2.5313842485737E+14
61.75395959596 24.823646153846 2.8260319840976E+14
61.849828282828 24.823646153846 3.2100620498952E+14
61.945696969697 24.823646153846 3.5564848874592E+14
62.041565656566 24.823646153846 3.763049754158E+14
62.137434343434 24.823646153846 3.7293507179917E+14
62.233303030303 24.823646153846 3.5123270222666E+14
62.329171717172 24.823646153846 3.3477007061437E+14
62.42504040404 24.823646153846 3.0879943021008E+14
62.520909090909 24.823646153846 2.8162660898205E+14
62.616777777778 24.823646153846 2.7003645769841E+14
62.712646464646 24.823646153846 2.1202923171149E+14
62.808515151515 24.823646153846 1.924397673109E+14
62.904383838384 24.823646153846 8.7090216847978E+14
63.000252525253 24.823646153846 4.267564691016E+15
63.096121212121 24.823646153846 1.6610489077929E+16
63.19198989899 24.823646153846 4.7211507333013E+16
63.287858585859 24.823646153846 4.3014161701013E+15
63.383727272727 24.823646153846 -3.5181547533722E+15
63.479595959596 24.823646153846 3.9787123327285E+15
63.575464646465 24.823646153846 2.6654605020109E+16
63.671333333333 24.823646153846 5.1588823901292E+16
63.767202020202 24.823646153846 6.2448420318443E+16
63.863070707071 24.823646153846 5.9744177636159E+16
63.958939393939 24.823646153846 5.0380237428317E+16
64.054808080808 24.823646153846 3.8891576973412E+16
64.150676767677 24.823646153846 2.7432060963265E+16
64.246545454545 24.823646153846 1.7177904614102E+16
64.342414141414 24.823646153846 9.2035659251264E+15
64.438282828283 24.823646153846 4.171339716743E+15
64.534151515152 24.823646153846 1.3541426459513E+15
64.63002020202 24.823646153846 -3.1256985325619E+14
64.725888888889 24.823646153846 -1.4171074470518E+15
64.821757575758 24.823646153846 -2.2176405917123E+15
64.917626262626 24.823646153846 -2.8037226340626E+15
65.013494949495 24.823646153846 -3.1760865865837E+15
65.109363636364 24.823646153846 -3.2987933187112E+15
65.205232323232 24.823646153846 -3.1419324379105E+15
65.301101010101 24.823646153846 -2.7126286400819E+15
65.39696969697 24.823646153846 -2.068796833907E+15
65.492838383838 24.823646153846 -1.3218587231621E+15
65.588707070707 24.823646153846 -6.3079678080389E+14
65.684575757576 24.823646153846 -1.4457288121298E+14
65.780444444444 24.823646153846 60540264143457
65.876313131313 24.823646153846 5564628015527
65.972181818182 24.823646153846 -94467360873880
57.727474747475 24.919730769231 -8.165852643907E+14
57.823343434343 24.919730769231 -6.503152139212E+14
57.919212121212 24.919730769231 -4.7734628339851E+14
58.015080808081 24.919730769231 -3.3661776579992E+14
58.110949494949 24.919730769231 -3.3911178813077E+14
58.206818181818 24.919730769231 -5.6901335912152E+14
58.302686868687 24.919730769231 -9.0859544819516E+14
58.398555555556 24.919730769231 -1.2601314110562E+15
58.494424242424 24.919730769231 -1.588665182919E+15
58.590292929293 24.919730769231 -1.8795779086329E+15
58.686161616162 24.919730769231 -2.1241194126968E+15
58.78203030303 24.919730769231 -2.3156226658442E+15
58.877898989899 24.919730769231 -2.4489945411988E+15
58.973767676768 24.919730769231 -2.5215520088758E+15
59.069636363636 24.919730769231 -2.5341175286126E+15
59.165505050505 24.919730769231 -2.4913506280163E+15
59.261373737374 24.919730769231 -2.4007931113464E+15
59.357242424242 24.919730769231 -2.2710012734293E+15
59.453111111111 24.919730769231 -2.1097740867941E+15
59.54897979798 24.919730769231 -1.9233568816723E+15
59.644848484848 24.919730769231 -1.716721282003E+15
59.740717171717 24.919730769231 -1.4943038002479E+15
59.836585858586 24.919730769231 -1.2605703419668E+15
59.932454545455 24.919730769231 -1.0203231796291E+15
60.028323232323 24.919730769231 -7.7908031328062E+14
60.124191919192 24.919730769231 -5.4373310949724E+14
60.220060606061 24.919730769231 -3.2368216596796E+14
60.315929292929 24.919730769231 -1.3374205491886E+14
60.411797979798 24.919730769231 7255583451092
60.507666666667 24.919730769231 1.0121281479188E+14
60.603535353535 24.919730769231 1.6799693545447E+14
60.699404040404 24.919730769231 2.1427318561364E+14
60.795272727273 24.919730769231 2.2816282763608E+14
60.891141414141 24.919730769231 1.7572229470965E+14
60.98701010101 24.919730769231 2.2173403981815E+14
61.082878787879 24.919730769231 3.2700767657552E+14
61.178747474747 24.919730769231 4.0709037235838E+14
61.274616161616 24.919730769231 3.9442066801743E+14
61.370484848485 24.919730769231 2.8527354711306E+14
61.466353535354 24.919730769231 2.5028189493313E+14
61.562222222222 24.919730769231 2.5777727954396E+14
61.658090909091 24.919730769231 2.499243885354E+14
61.75395959596 24.919730769231 2.5749038463362E+14
61.849828282828 24.919730769231 2.7481513977727E+14
61.945696969697 24.919730769231 2.896007806865E+14
62.041565656566 24.919730769231 2.9397711943522E+14
62.137434343434 24.919730769231 3.0415159685159E+14
62.233303030303 24.919730769231 3.2736723119988E+14
62.329171717172 24.919730769231 3.3209977719617E+14
62.42504040404 24.919730769231 3.1361965492129E+14
62.520909090909 24.919730769231 2.8066986716465E+14
62.616777777778 24.919730769231 2.3934540388359E+14
62.712646464646 24.919730769231 1.9085160832515E+14
62.808515151515 24.919730769231 1.7531141166158E+14
62.904383838384 24.919730769231 5.5097027050547E+14
63.000252525253 24.919730769231 1.5394409447254E+15
63.096121212121 24.919730769231 1.2977518672386E+15
63.19198989899 24.919730769231 -9.3161092576984E+14
63.287858585859 24.919730769231 -1.4984544941511E+14
63.383727272727 24.919730769231 -4.2958902321902E+15
63.479595959596 24.919730769231 -1.8816854813929E+14
63.575464646465 24.919730769231 3.145648400577E+16
63.671333333333 24.919730769231 7.2604302586428E+16
63.767202020202 24.919730769231 8.1430692428089E+16
63.863070707071 24.919730769231 7.0962126280625E+16
63.958939393939 24.919730769231 5.5829148545121E+16
64.054808080808 24.919730769231 4.0717992136192E+16
64.150676767677 24.919730769231 2.6870920972122E+16
64.246545454545 24.919730769231 1.4684011843863E+16
64.342414141414 24.919730769231 5.3339377983859E+15
64.438282828283 24.919730769231 1.1666206343907E+15
64.534151515152 24.919730769231 -4.5635700842391E+14
64.63002020202 24.919730769231 -1.4213131164938E+15
64.725888888889 24.919730769231 -2.1861019061615E+15
64.821757575758 24.919730769231 -2.8868924889181E+15
64.917626262626 24.919730769231 -3.5043771046964E+15
65.013494949495 24.919730769231 -3.9394286798461E+15
65.109363636364 24.919730769231 -4.0854682610358E+15
65.205232323232 24.919730769231 -3.8761152968811E+15
65.301101010101 24.919730769231 -3.3116146373299E+15
65.39696969697 24.919730769231 -2.4619812447718E+15
65.492838383838 24.919730769231 -1.4584461981867E+15
65.588707070707 24.919730769231 -5.393179466616E+14
65.684575757576 24.919730769231 -2262552610235.5
65.780444444444 24.919730769231 1.8501052149596E+14
65.876313131313 24.919730769231 -1.7314478010365E+14
65.972181818182 24.919730769231 -4.1696595435988E+14
66.068050505051 24.919730769231 -4.4582706609408E+14
57.631606060606 25.015815384615 -8.5486916347052E+14
57.727474747475 25.015815384615 -6.9661564330641E+14
57.823343434343 25.015815384615 -5.084806294743E+14
57.919212121212 25.015815384615 -2.9027869721063E+14
58.015080808081 25.015815384615 -48010010725004
58.110949494949 25.015815384615 79022999004532
58.206818181818 25.015815384615 -3.1539278868407E+14
58.302686868687 25.015815384615 -7.4685873599011E+14
58.398555555556 25.015815384615 -1.1448981677507E+15
58.494424242424 25.015815384615 -1.5014766569429E+15
58.590292929293 25.015815384615 -1.8114168485985E+15
58.686161616162 25.015815384615 -2.0692005821559E+15
58.78203030303 25.015815384615 -2.2684760778007E+15
58.877898989899 25.015815384615 -2.4029071769133E+15
58.973767676768 25.015815384615 -2.4685070530864E+15
59.069636363636 25.015815384615 -2.4663832614837E+15
59.165505050505 25.015815384615 -2.4038327541253E+15
59.261373737374 25.015815384615 -2.2925715536105E+15
59.357242424242 25.015815384615 -2.1449788798024E+15
59.453111111111 25.015815384615 -1.9707133517644E+15
59.54897979798 25.015815384615 -1.7757115870161E+15
59.644848484848 25.015815384615 -1.5635783239221E+15
59.740717171717 25.015815384615 -1.337536886036E+15
59.836585858586 25.015815384615 -1.1013229048158E+15
59.932454545455 25.015815384615 -8.5912036296205E+14
60.028323232323 25.015815384615 -6.1579047372976E+14
60.124191919192 25.015815384615 -3.7790457195839E+14
60.220060606061 25.015815384615 -1.5412191956816E+14
60.315929292929 25.015815384615 41908491297720
60.411797979798 25.015815384615 1.5866880316525E+14
60.507666666667 25.015815384615 2.0033107731798E+14
60.603535353535 25.015815384615 2.2430840461548E+14
60.699404040404 25.015815384615 2.3290695269804E+14
60.795272727273 25.015815384615 1.971273504875E+14
60.891141414141 25.015815384615 61035194999480
60.98701010101 25.015815384615 1.9297151407433E+14
61.082878787879 25.015815384615 3.5625915457125E+14
61.178747474747 25.015815384615 4.8660649067561E+14
61.274616161616 25.015815384615 5.2193626623285E+14
61.370484848485 25.015815384615 1.7230072466625E+14
61.466353535354 25.015815384615 1.7111766464515E+14
61.562222222222 25.015815384615 2.147970439439E+14
61.658090909091 25.015815384615 2.0922560243746E+14
61.75395959596 25.015815384615 2.1310984425686E+14
61.849828282828 25.015815384615 2.2338963456238E+14
61.945696969697 25.015815384615 2.3177068469331E+14
62.041565656566 25.015815384615 2.2818929381614E+14
62.137434343434 25.015815384615 2.4745732995511E+14
62.233303030303 25.015815384615 3.1568884683874E+14
62.329171717172 25.015815384615 3.3161437776626E+14
62.42504040404 25.015815384615 3.1127779332074E+14
62.520909090909 25.015815384615 2.7391089375829E+14
62.616777777778 25.015815384615 2.3466858546241E+14
62.712646464646 25.015815384615 2.1402439176666E+14
62.808515151515 25.015815384615 2.1363474472411E+14
62.904383838384 25.015815384615 55840841398864
63.000252525253 25.015815384615 2.6928094792533E+14
63.096121212121 25.015815384615 3.5035322361136E+14
63.19198989899 25.015815384615 -2.444092670893E+14
63.287858585859 25.015815384615 -2.9034528051511E+14
63.383727272727 25.015815384615 -2.0020067393695E+15
63.479595959596 25.015815384615 6.5938823871237E+14
63.575464646465 25.015815384615 2.6369958584243E+16
63.671333333333 25.015815384615 7.8612567903497E+16
63.767202020202 25.015815384615 8.9710432545886E+16
63.863070707071 25.015815384615 7.4363332660779E+16
63.958939393939 25.015815384615 5.5856330499697E+16
64.054808080808 25.015815384615 3.8959246455233E+16
64.150676767677 25.015815384615 2.4443430000156E+16
64.246545454545 25.015815384615 1.1864020004019E+16
64.342414141414 25.015815384615 8.3490252774544E+14
64.438282828283 25.015815384615 -8.380744900751E+14
64.534151515152 25.015815384615 -1.3817179074047E+15
64.63002020202 25.015815384615 -1.8501079937963E+15
64.725888888889 25.015815384615 -2.4204400087516E+15
64.821757575758 25.015815384615 -3.1724074098539E+15
64.917626262626 25.015815384615 -3.9693397378889E+15
65.013494949495 25.015815384615 -4.5824740203046E+15
65.109363636364 25.015815384615 -4.8217286617377E+15
65.205232323232 25.015815384615 -4.5796827215506E+15
65.301101010101 25.015815384615 -3.8641562878718E+15
65.39696969697 25.015815384615 -2.7970561687641E+15
65.492838383838 25.015815384615 -1.5315998215626E+15
65.588707070707 25.015815384615 -2.5157535139186E+14
65.684575757576 25.015815384615 -3530697307397
65.780444444444 25.015815384615 -2.4496308509453E+14
65.876313131313 25.015815384615 -6.4921572610289E+14
65.972181818182 25.015815384615 -8.8671042819416E+14
66.068050505051 25.015815384615 -8.9391940070948E+14
57.631606060606 25.1119 -7.8986560134714E+14
57.727474747475 25.1119 -6.3957432031249E+14
57.823343434343 25.1119 -4.5957537753767E+14
57.919212121212 25.1119 -2.5273732962884E+14
58.015080808081 25.1119 -37556225683764
58.110949494949 25.1119 32174460434672
58.206818181818 25.1119 -2.9611053213577E+14
58.302686868687 25.1119 -7.07145105724E+14
58.398555555556 25.1119 -1.0980265314881E+15
58.494424242424 25.1119 -1.4520485814074E+15
58.590292929293 25.1119 -1.7617457322417E+15
58.686161616162 25.1119 -2.0203680287879E+15
58.78203030303 25.1119 -2.2192907079236E+15
58.877898989899 25.1119 -2.3481088759705E+15
58.973767676768 25.1119 -2.3987392013607E+15
59.069636363636 25.1119 -2.3715526989968E+15
59.165505050505 25.1119 -2.2782274745122E+15
59.261373737374 25.1119 -2.1380977002105E+15
59.357242424242 25.1119 -1.9701345881759E+15
59.453111111111 25.1119 -1.7860319104753E+15
59.54897979798 25.1119 -1.5891784782345E+15
59.644848484848 25.1119 -1.3792803022688E+15
59.740717171717 25.1119 -1.1572641818009E+15
59.836585858586 25.1119 -9.2634498945358E+14
59.932454545455 25.1119 -6.9022178458267E+14
60.028323232323 25.1119 -4.5246212377336E+14
60.124191919192 25.1119 -2.1986399539653E+14
60.220060606061 25.1119 -5613631183504
60.315929292929 25.1119 1.8020750588554E+14
60.411797979798 25.1119 2.656394934544E+14
60.507666666667 25.1119 2.6174386277306E+14
60.603535353535 25.1119 2.6086682074282E+14
60.699404040404 25.1119 2.6453788700282E+14
60.795272727273 25.1119 2.6761610658303E+14
60.891141414141 25.1119 2.7138814421032E+14
60.98701010101 25.1119 3.0093547123214E+14
61.082878787879 25.1119 3.7939900417436E+14
61.178747474747 25.1119 4.6219799865103E+14
61.274616161616 25.1119 3.9729115112814E+14
61.370484848485 25.1119 1.1590768294804E+14
61.466353535354 25.1119 92493988394410
61.562222222222 25.1119 1.3265613692347E+14
61.658090909091 25.1119 1.492647353567E+14
61.75395959596 25.1119 1.6073966633147E+14
61.849828282828 25.1119 1.7590838382286E+14
61.945696969697 25.1119 1.9505374253192E+14
62.041565656566 25.1119 2.2151301069268E+14
62.137434343434 25.1119 2.7893002399132E+14
62.233303030303 25.1119 3.5402784348826E+14
62.329171717172 25.1119 3.4948071635707E+14
62.42504040404 25.1119 3.229226769507E+14
62.520909090909 25.1119 2.8544708494064E+14
62.616777777778 25.1119 2.5734894635934E+14
62.712646464646 25.1119 2.5044084643295E+14
62.808515151515 25.1119 2.2602900556628E+14
62.904383838384 25.1119 1.1585769439007E+14
63.000252525253 25.1119 2.4694049603702E+14
63.096121212121 25.1119 2.0277641273501E+14
63.19198989899 25.1119 84339827423746
63.287858585859 25.1119 1.5142110674678E+14
63.383727272727 25.1119 7.5890604997419E+14
63.479595959596 25.1119 -1.1625098407247E+14
63.575464646465 25.1119 1.0006455079094E+16
63.671333333333 25.1119 6.3203453075215E+16
63.767202020202 25.1119 7.9117363643501E+16
63.863070707071 25.1119 6.7155530719233E+16
63.958939393939 25.1119 4.8816619720595E+16
64.054808080808 25.1119 3.2803643036628E+16
64.150676767677 25.1119 2.0235375662763E+16
64.246545454545 25.1119 1.036105856263E+16
64.342414141414 25.1119 3.3546746503562E+15
64.438282828283 25.1119 2.7358445635687E+14
64.534151515152 25.1119 -7.8466301318275E+14
64.63002020202 25.1119 -1.2840953500539E+15
64.725888888889 25.1119 -1.8802708925133E+15
64.821757575758 25.1119 -2.9484797379671E+15
64.917626262626 25.1119 -4.1489334074124E+15
65.013494949495 25.1119 -5.077300687725E+15
65.109363636364 25.1119 -5.4780023918533E+15
65.205232323232 25.1119 -5.1930718739931E+15
65.301101010101 25.1119 -4.2494642419929E+15
65.39696969697 25.1119 -2.9411185906745E+15
65.492838383838 25.1119 -1.6478800764656E+15
65.588707070707 25.1119 -6.0743052186963E+14
65.684575757576 25.1119 -6.4764103448457E+14
65.780444444444 25.1119 -1.0558459524895E+15
65.876313131313 25.1119 -1.2995451887159E+15
65.972181818182 25.1119 -1.3710661016423E+15
66.068050505051 25.1119 -1.2776117389207E+15
57.631606060606 25.207984615385 -7.6557774254528E+14
57.727474747475 25.207984615385 -6.399961550582E+14
57.823343434343 25.207984615385 -4.9430426280273E+14
57.919212121212 25.207984615385 -3.4366493146296E+14
58.015080808081 25.207984615385 -2.3050181143108E+14
58.110949494949 25.207984615385 -2.4742664821493E+14
58.206818181818 25.207984615385 -4.5357291352834E+14
58.302686868687 25.207984615385 -7.6758882669079E+14
58.398555555556 25.207984615385 -1.1048127038556E+15
58.494424242424 25.207984615385 -1.4266708323698E+15
58.590292929293 25.207984615385 -1.7158984092043E+15
58.686161616162 25.207984615385 -1.9622383410299E+15
58.78203030303 25.207984615385 -2.1534994768709E+15
58.877898989899 25.207984615385 -2.2712512818212E+15
58.973767676768 25.207984615385 -2.2976506799227E+15
59.069636363636 25.207984615385 -2.2300635876695E+15
59.165505050505 25.207984615385 -2.0885007072703E+15
59.261373737374 25.207984615385 -1.9074078128913E+15
59.357242424242 25.207984615385 -1.7181139670965E+15
59.453111111111 25.207984615385 -1.5339484937346E+15
59.54897979798 25.207984615385 -1.3496462570903E+15
59.644848484848 25.207984615385 -1.1553148625664E+15
59.740717171717 25.207984615385 -9.484120610338E+14
59.836585858586 25.207984615385 -7.3381572432027E+14
59.932454545455 25.207984615385 -5.1632246997996E+14
60.028323232323 25.207984615385 -2.961600445733E+14
60.124191919192 25.207984615385 -76656279732652
60.220060606061 25.207984615385 1.1274393912772E+14
60.315929292929 25.207984615385 2.2730444020677E+14
60.411797979798 25.207984615385 2.689219752713E+14
60.507666666667 25.207984615385 2.6677815935772E+14
60.603535353535 25.207984615385 2.6221518146536E+14
60.699404040404 25.207984615385 2.7410418933213E+14
60.795272727273 25.207984615385 3.1930412014006E+14
60.891141414141 25.207984615385 4.1114618784048E+14
60.98701010101 25.207984615385 3.6789032840457E+14
61.082878787879 25.207984615385 3.5391302008147E+14
61.178747474747 25.207984615385 3.4927136644649E+14
61.274616161616 25.207984615385 2.7674727926134E+14
61.370484848485 25.207984615385 1.5217185879998E+14
61.466353535354 25.207984615385 91789209515572
61.562222222222 25.207984615385 88439947677146
61.658090909091 25.207984615385 97508836959002
61.75395959596 25.207984615385 1.1149795884755E+14
61.849828282828 25.207984615385 1.3456390254052E+14
61.945696969697 25.207984615385 1.6847287139885E+14
62.041565656566 25.207984615385 2.1540965353235E+14
62.137434343434 25.207984615385 2.8703804770697E+14
62.233303030303 25.207984615385 3.9348453803451E+14
62.329171717172 25.207984615385 3.161884641498E+14
62.42504040404 25.207984615385 3.5832760254442E+14
62.520909090909 25.207984615385 3.2368259287079E+14
62.616777777778 25.207984615385 2.8653510602718E+14
62.712646464646 25.207984615385 4.1582959952138E+14
62.808515151515 25.207984615385 3.0702446231466E+14
62.904383838384 25.207984615385 2.7161239462508E+14
63.000252525253 25.207984615385 3.7143962653401E+14
63.096121212121 25.207984615385 2.4333426236014E+14
63.19198989899 25.207984615385 2.4878877510388E+14
63.287858585859 25.207984615385 2.5690391820372E+14
63.383727272727 25.207984615385 2.7260424450708E+15
63.479595959596 25.207984615385 9.152912307606E+15
63.575464646465 25.207984615385 3.406094138228E+16
63.671333333333 25.207984615385 8.405574116231E+16
63.767202020202 25.207984615385 7.5720554327139E+16
63.863070707071 25.207984615385 5.4762062914928E+16
63.958939393939 25.207984615385 3.5163876168458E+16
64.054808080808 25.207984615385 2.2406037534033E+16
64.150676767677 25.207984615385 1.4243420201134E+16
64.246545454545 25.207984615385 8.6966859349413E+15
64.342414141414 25.207984615385 4.9731014000148E+15
64.438282828283 25.207984615385 2.5353019926641E+15
64.534151515152 25.207984615385 7.896225483868E+14
64.63002020202 25.207984615385 51657332297966
64.725888888889 25.207984615385 -4.5956737627992E+14
64.821757575758 25.207984615385 -2.2969528038384E+15
64.917626262626 25.207984615385 -4.0982226705686E+15
65.013494949495 25.207984615385 -5.4089999553748E+15
65.109363636364 25.207984615385 -6.0101430232502E+15
65.205232323232 25.207984615385 -5.6166698116164E+15
65.301101010101 25.207984615385 -4.1760985309371E+15
65.39696969697 25.207984615385 -2.3491906934412E+15
65.492838383838 25.207984615385 -1.1880466813187E+15
65.588707070707 25.207984615385 -1.0788336893585E+15
65.684575757576 25.207984615385 -1.4825850512315E+15
65.780444444444 25.207984615385 -1.6880722522992E+15
65.876313131313 25.207984615385 -1.6630710230183E+15
65.972181818182 25.207984615385 -1.5496973325719E+15
66.068050505051 25.207984615385 -1.3304576601834E+15
57.535737373737 25.304069230769 -8.4263941283026E+14
57.631606060606 25.304069230769 -7.7003108296212E+14
57.727474747475 25.304069230769 -6.7789911100333E+14
57.823343434343 25.304069230769 -5.7452781744621E+14
57.919212121212 25.304069230769 -4.7917114571605E+14
58.015080808081 25.304069230769 -4.2754591793581E+14
58.110949494949 25.304069230769 -4.6612509054818E+14
58.206818181818 25.304069230769 -6.1698125834188E+14
58.302686868687 25.304069230769 -8.5265405260149E+14
58.398555555556 25.304069230769 -1.1257688185963E+15
58.494424242424 25.304069230769 -1.398544128889E+15
58.590292929293 25.304069230769 -1.6494959870906E+15
58.686161616162 25.304069230769 -1.8701177093117E+15
58.78203030303 25.304069230769 -2.0492430594236E+15
58.877898989899 25.304069230769 -2.1552275875143E+15
58.973767676768 25.304069230769 -2.1472649768933E+15
59.069636363636 25.304069230769 -2.0142166221233E+15
59.165505050505 25.304069230769 -1.7940886940612E+15
59.261373737374 25.304069230769 -1.5526010152555E+15
59.357242424242 25.304069230769 -1.3454826785705E+15
59.453111111111 25.304069230769 -1.1859969629135E+15
59.54897979798 25.304069230769 -1.0433805589747E+15
59.644848484848 25.304069230769 -8.8577655621051E+14
59.740717171717 25.304069230769 -7.0724188885181E+14
59.836585858586 25.304069230769 -5.2193663702764E+14
59.932454545455 25.304069230769 -3.419747958757E+14
60.028323232323 25.304069230769 -1.612649835311E+14
60.124191919192 25.304069230769 33580446605840
60.220060606061 25.304069230769 2.2407490787133E+14
60.315929292929 25.304069230769 2.434667721775E+14
60.411797979798 25.304069230769 2.389732239302E+14
60.507666666667 25.304069230769 2.2847564211497E+14
60.603535353535 25.304069230769 2.2207639975973E+14
60.699404040404 25.304069230769 2.2996298222103E+14
60.795272727273 25.304069230769 2.5811167791457E+14
60.891141414141 25.304069230769 2.9132553418824E+14
60.98701010101 25.304069230769 2.9161425527282E+14
61.082878787879 25.304069230769 2.7703483053109E+14
61.178747474747 25.304069230769 2.5280157172581E+14
61.274616161616 25.304069230769 2.0106075732468E+14
61.370484848485 25.304069230769 1.3312749419269E+14
61.466353535354 25.304069230769 84105656874918
61.562222222222 25.304069230769 63203331416030
61.658090909091 25.304069230769 59509957390370
61.75395959596 25.304069230769 69386309932500
61.849828282828 25.304069230769 98754951861910
61.945696969697 25.304069230769 1.4593207123555E+14
62.041565656566 25.304069230769 1.9845483290586E+14
62.137434343434 25.304069230769 2.4288625257624E+14
62.233303030303 25.304069230769 2.9330757740156E+14
62.329171717172 25.304069230769 3.2330049715729E+14
62.42504040404 25.304069230769 4.3810527934623E+14
62.520909090909 25.304069230769 3.7089746024304E+14
62.616777777778 25.304069230769 3.3306714541944E+14
62.712646464646 25.304069230769 4.2087602857393E+14
62.808515151515 25.304069230769 2.9207856707081E+14
62.904383838384 25.304069230769 3.0378325132243E+14
63.000252525253 25.304069230769 2.329637544468E+14
63.096121212121 25.304069230769 -36041889352020
63.19198989899 25.304069230769 -6.9208631158915E+14
63.287858585859 25.304069230769 -8.335253351019E+14
63.383727272727 25.304069230769 3.1555789033496E+15
63.479595959596 25.304069230769 1.8967904008032E+16
63.575464646465 25.304069230769 5.1284164084946E+16
63.671333333333 25.304069230769 8.0532339364845E+16
63.767202020202 25.304069230769 6.9197961643907E+16
63.863070707071 25.304069230769 3.6054258874017E+16
63.958939393939 25.304069230769 1.5270130092651E+16
64.054808080808 25.304069230769 9.6050874374153E+15
64.150676767677 25.304069230769 7.4859394558775E+15
64.246545454545 25.304069230769 6.9746697940379E+15
64.342414141414 25.304069230769 7.0194131082704E+15
64.438282828283 25.304069230769 5.9560228686239E+15
64.534151515152 25.304069230769 2.8761339929226E+15
64.63002020202 25.304069230769 6.1586514730966E+14
64.725888888889 25.304069230769 9.9487368783162E+14
64.821757575758 25.304069230769 -1.866702552577E+15
64.917626262626 25.304069230769 -3.9311448397039E+15
65.013494949495 25.304069230769 -5.4715443050488E+15
65.109363636364 25.304069230769 -6.2796270562276E+15
65.205232323232 25.304069230769 -5.7315717406025E+15
65.301101010101 25.304069230769 -3.1571284292846E+15
65.39696969697 25.304069230769 1.9349517745376E+14
65.492838383838 25.304069230769 1.4612377687369E+15
65.588707070707 25.304069230769 9197919229076
65.684575757576 25.304069230769 -1.5353249924776E+15
65.780444444444 25.304069230769 -1.4266794616995E+15
65.876313131313 25.304069230769 -1.0646904215179E+15
65.972181818182 25.304069230769 -9.8339674167031E+14
66.068050505051 25.304069230769 -6.6069603360731E+14
57.535737373737 25.400153846154 -8.2867096530729E+14
57.631606060606 25.400153846154 -7.8767599878289E+14
57.727474747475 25.400153846154 -7.2963266100255E+14
57.823343434343 25.400153846154 -6.6299451059888E+14
57.919212121212 25.400153846154 -6.0458876069586E+14
58.015080808081 25.400153846154 -5.7972459559142E+14
58.110949494949 25.400153846154 -6.1561386027924E+14
58.206818181818 25.400153846154 -7.2698974326129E+14
58.302686868687 25.400153846154 -9.0557458599815E+14
58.398555555556 25.400153846154 -1.1227702764299E+15
58.494424242424 25.400153846154 -1.3411015787086E+15
58.590292929293 25.400153846154 -1.5349318634116E+15
58.686161616162 25.400153846154 -1.7094760620478E+15
58.78203030303 25.400153846154 -1.8756319635044E+15
58.877898989899 25.400153846154 -1.9823681082004E+15
58.973767676768 25.400153846154 -1.929548255177E+15
59.069636363636 25.400153846154 -1.6839121616779E+15
59.165505050505 25.400153846154 -1.3288506246154E+15
59.261373737374 25.400153846154 -9.9519394873798E+14
59.357242424242 25.400153846154 -7.8410682759694E+14
59.453111111111 25.400153846154 -7.0971900590226E+14
59.54897979798 25.400153846154 -6.6470157178042E+14
59.644848484848 25.400153846154 -5.7442259985327E+14
59.740717171717 25.400153846154 -4.3498571921616E+14
59.836585858586 25.400153846154 -2.8812878646727E+14
59.932454545455 25.400153846154 -1.721183119219E+14
60.028323232323 25.400153846154 -67320091610460
60.124191919192 25.400153846154 54736017578068
60.220060606061 25.400153846154 1.6471392554957E+14
60.315929292929 25.400153846154 1.8342838915408E+14
60.411797979798 25.400153846154 1.7226056423337E+14
60.507666666667 25.400153846154 1.605932398659E+14
60.603535353535 25.400153846154 1.527191483542E+14
60.699404040404 25.400153846154 1.5003549407526E+14
60.795272727273 25.400153846154 1.5161250779077E+14
60.891141414141 25.400153846154 1.6123056882179E+14
60.98701010101 25.400153846154 1.7920448829052E+14
61.082878787879 25.400153846154 1.8529868380786E+14
61.178747474747 25.400153846154 1.7369587855845E+14
61.274616161616 25.400153846154 1.4423044888333E+14
61.370484848485 25.400153846154 1.0514857185446E+14
61.466353535354 25.400153846154 70392382287076
61.562222222222 25.400153846154 47221726761178
61.658090909091 25.400153846154 34973696322010
61.75395959596 25.400153846154 34760007406176
61.849828282828 25.400153846154 69619509227014
61.945696969697 25.400153846154 1.3670642218026E+14
62.041565656566 25.400153846154 2.0056868031305E+14
62.137434343434 25.400153846154 2.4287036631718E+14
62.233303030303 25.400153846154 2.594794736476E+14
62.329171717172 25.400153846154 2.5626151250698E+14
62.42504040404 25.400153846154 2.4325092785748E+14
62.520909090909 25.400153846154 2.094872902855E+14
62.616777777778 25.400153846154 1.623812753742E+14
62.712646464646 25.400153846154 1.3619832208488E+14
62.808515151515 25.400153846154 98276681255074
62.904383838384 25.400153846154 1.0085016498785E+14
63.000252525253 25.400153846154 1.5656135358025E+14
63.096121212121 25.400153846154 1.8335142545176E+14
63.19198989899 25.400153846154 -1.1129493815583E+15
63.287858585859 25.400153846154 -2.4614667817791E+15
63.383727272727 25.400153846154 -1.2999789933054E+15
63.479595959596 25.400153846154 1.6155369720056E+16
63.575464646465 25.400153846154 4.9896756717737E+16
63.671333333333 25.400153846154 7.7742000062747E+16
63.767202020202 25.400153846154 6.8663484795467E+16
63.863070707071 25.400153846154 2.0176594508926E+16
63.958939393939 25.400153846154 -8.1442791540471E+14
64.054808080808 25.400153846154 -4.8720990087213E+14
64.150676767677 25.400153846154 1.9237455505521E+15
64.246545454545 25.400153846154 6.2031199730662E+15
64.342414141414 25.400153846154 1.1202732241922E+16
64.438282828283 25.400153846154 1.2848140374339E+16
64.534151515152 25.400153846154 7.4203363615957E+15
64.63002020202 25.400153846154 4.7977166061015E+14
64.725888888889 25.400153846154 -1.0461050601878E+15
64.821757575758 25.400153846154 -1.9381125144412E+15
64.917626262626 25.400153846154 -3.4605685283707E+15
65.013494949495 25.400153846154 -4.874770367972E+15
65.109363636364 25.400153846154 -5.7516578177806E+15
65.205232323232 25.400153846154 -5.3757577996119E+15
65.301101010101 25.400153846154 -5.9781113169787E+14
65.39696969697 25.400153846154 7.0547777453372E+15
65.492838383838 25.400153846154 8.9412132025254E+15
65.588707070707 25.400153846154 4.0391197407192E+15
65.684575757576 25.400153846154 -4.4956971391674E+14
65.780444444444 25.400153846154 1.0956192293925E+15
65.876313131313 25.400153846154 1.7450666354686E+15
65.972181818182 25.400153846154 1.3262930406619E+15
66.068050505051 25.400153846154 1.4039551562257E+15
57.535737373737 25.496238461538 -8.1305589686174E+14
57.631606060606 25.496238461538 -8.0378325545184E+14
57.727474747475 25.496238461538 -7.7578547557913E+14
57.823343434343 25.496238461538 -7.3533859893474E+14
57.919212121212 25.496238461538 -6.9509201866529E+14
58.015080808081 25.496238461538 -6.7301059057824E+14
58.110949494949 25.496238461538 -6.8897694029924E+14
58.206818181818 25.496238461538 -7.6001072527929E+14
58.302686868687 25.496238461538 -8.9377168370764E+14
58.398555555556 25.496238461538 -1.0738676498145E+15
58.494424242424 25.496238461538 -1.246927395896E+15
58.590292929293 25.496238461538 -1.3579432438033E+15
58.686161616162 25.496238461538 -1.4356504301854E+15
58.78203030303 25.496238461538 -1.5875947043526E+15
58.877898989899 25.496238461538 -1.746458897606E+15
58.973767676768 25.496238461538 -1.6367397740058E+15
59.069636363636 25.496238461538 -1.1734111208624E+15
59.165505050505 25.496238461538 -5.7315609187482E+14
59.261373737374 25.496238461538 -1.1315433612267E+14
59.357242424242 25.496238461538 73159365219096
59.453111111111 25.496238461538 -88036185537920
59.54897979798 25.496238461538 -2.3069954231841E+14
59.644848484848 25.496238461538 -2.4765709987696E+14
59.740717171717 25.496238461538 -1.5114845276038E+14
59.836585858586 25.496238461538 -29999376342396
59.932454545455 25.496238461538 -18583603357212
60.028323232323 25.496238461538 -24989614184464
60.124191919192 25.496238461538 8844828672092
60.220060606061 25.496238461538 54364968693500
60.315929292929 25.496238461538 77335264490264
60.411797979798 25.496238461538 81468453018184
60.507666666667 25.496238461538 80036230233348
60.603535353535 25.496238461538 77097075562880
60.699404040404 25.496238461538 70610686719840
60.795272727273 25.496238461538 54368559087116
60.891141414141 25.496238461538 39268972969592
60.98701010101 25.496238461538 87147802680312
61.082878787879 25.496238461538 1.1182249786011E+14
61.178747474747 25.496238461538 1.1662983941983E+14
61.274616161616 25.496238461538 1.0622478867399E+14
61.370484848485 25.496238461538 86585976167104
61.466353535354 25.496238461538 64552734746228
61.562222222222 25.496238461538 45378665508992
61.658090909091 25.496238461538 32071246342230
61.75395959596 25.496238461538 27331219637996
61.849828282828 25.496238461538 67383604579110
61.945696969697 25.496238461538 1.5206662242761E+14
62.041565656566 25.496238461538 2.3381540283958E+14
62.137434343434 25.496238461538 2.8256864822635E+14
62.233303030303 25.496238461538 2.5659530258174E+14
62.329171717172 25.496238461538 1.6538957278411E+14
62.42504040404 25.496238461538 29501737804772
62.520909090909 25.496238461538 -17688260555362
62.616777777778 25.496238461538 -65032351810222
62.712646464646 25.496238461538 -1.3706571362947E+14
62.808515151515 25.496238461538 -2.0318834776594E+14
62.904383838384 25.496238461538 -2.1374965789404E+14
63.000252525253 25.496238461538 -1.0400749680437E+14
63.096121212121 25.496238461538 99604302354580
63.19198989899 25.496238461538 -9.7398884255762E+14
63.287858585859 25.496238461538 -2.0583292517871E+15
63.383727272727 25.496238461538 -66493888679778
63.479595959596 25.496238461538 1.4966581654172E+16
63.575464646465 25.496238461538 4.3577295882053E+16
63.671333333333 25.496238461538 6.9760472380053E+16
63.767202020202 25.496238461538 6.3567436820742E+16
63.863070707071 25.496238461538 2.1099439705121E+16
63.958939393939 25.496238461538 -1.6424085981405E+15
64.054808080808 25.496238461538 -4.9910896745409E+15
64.150676767677 25.496238461538 -1.8310327644339E+15
64.246545454545 25.496238461538 5.9302720244733E+15
64.342414141414 25.496238461538 1.8367040335368E+16
64.438282828283 25.496238461538 2.739941686196E+16
64.534151515152 25.496238461538 1.8477217151037E+16
64.63002020202 25.496238461538 -6.2968153617417E+14
64.725888888889 25.496238461538 -1.1135692253522E+15
64.821757575758 25.496238461538 -7.4975860475301E+14
64.917626262626 25.496238461538 -2.4050978818303E+15
65.013494949495 25.496238461538 -3.1031288856345E+15
65.109363636364 25.496238461538 -2.6965054010897E+15
65.205232323232 25.496238461538 -2.7612979088425E+15
65.301101010101 25.496238461538 4.3235816216838E+15
65.39696969697 25.496238461538 2.3771709393594E+16
65.492838383838 25.496238461538 2.4642366738181E+16
65.588707070707 25.496238461538 1.5983398240178E+16
65.684575757576 25.496238461538 8.6895585380518E+15
65.780444444444 25.496238461538 8.0903945628443E+15
65.876313131313 25.496238461538 7.6943010347705E+15
65.972181818182 25.496238461538 6.7155312327139E+15
66.068050505051 25.496238461538 5.2757221472455E+15
57.535737373737 25.592323076923 -7.8544418380965E+14
57.631606060606 25.592323076923 -8.0662600559146E+14
57.727474747475 25.592323076923 -8.0302048481277E+14
57.823343434343 25.592323076923 -7.7781933869638E+14
57.919212121212 25.592323076923 -7.3996017906525E+14
58.015080808081 25.592323076923 -7.025871217391E+14
58.110949494949 25.592323076923 -6.8181132338954E+14
58.206818181818 25.592323076923 -6.9984862757943E+14
58.302686868687 25.592323076923 -7.9103059866148E+14
58.398555555556 25.592323076923 -9.7228487119902E+14
58.494424242424 25.592323076923 -1.1535374562422E+15
58.590292929293 25.592323076923 -1.1677698776607E+15
58.686161616162 25.592323076923 -1.0074227824915E+15
58.78203030303 25.592323076923 -1.1116967787017E+15
58.877898989899 25.592323076923 -1.5009097767781E+15
58.973767676768 25.592323076923 -1.2968361560234E+15
59.069636363636 25.592323076923 -3.4696110024956E+14
59.165505050505 25.592323076923 7.3478096071333E+14
59.261373737374 25.592323076923 1.3095955601236E+15
59.357242424242 25.592323076923 1.1999702742328E+15
59.453111111111 25.592323076923 6.6581378973575E+14
59.54897979798 25.592323076923 2.0489037795947E+14
59.644848484848 25.592323076923 35204180031364
59.740717171717 25.592323076923 54319687987564
59.836585858586 25.592323076923 2.1554759103907E+14
59.932454545455 25.592323076923 36276585694224
60.028323232323 25.592323076923 -56085129321328
60.124191919192 25.592323076923 -69002497929988
60.220060606061 25.592323076923 -48264491035684
60.315929292929 25.592323076923 -24027471196728
60.411797979798 25.592323076923 -5698514665660
60.507666666667 25.592323076923 8057985641904
60.603535353535 25.592323076923 17875281563220
60.699404040404 25.592323076923 21215017447052
60.795272727273 25.592323076923 16589334959356
60.891141414141 25.592323076923 19924626856284
60.98701010101 25.592323076923 48328680622612
61.082878787879 25.592323076923 74160765528086
61.178747474747 25.592323076923 88352145905604
61.274616161616 25.592323076923 92055757421772
61.370484848485 25.592323076923 87358197433332
61.466353535354 25.592323076923 76322175932370
61.562222222222 25.592323076923 62913528609166
61.658090909091 25.592323076923 54493305150054
61.75395959596 25.592323076923 62731477259356
61.849828282828 25.592323076923 1.0544053297294E+14
61.945696969697 25.592323076923 1.8400772064604E+14
62.041565656566 25.592323076923 2.8125430500329E+14
62.137434343434 25.592323076923 3.6802357432644E+14
62.233303030303 25.592323076923 2.8895441677695E+14
62.329171717172 25.592323076923 1.3644322253321E+14
62.42504040404 25.592323076923 -6823695174146
62.520909090909 25.592323076923 -1.1838407722045E+14
62.616777777778 25.592323076923 -2.2720548258049E+14
62.712646464646 25.592323076923 -3.5775755959025E+14
62.808515151515 25.592323076923 -4.8829485879049E+14
62.904383838384 25.592323076923 -5.7433680507811E+14
63.000252525253 25.592323076923 -5.8594152812348E+14
63.096121212121 25.592323076923 -6.0918091684082E+14
63.19198989899 25.592323076923 -8.4206009117058E+14
63.287858585859 25.592323076923 -2.4444697424802E+14
63.383727272727 25.592323076923 4.5652196741342E+15
63.479595959596 25.592323076923 1.6348602750955E+16
63.575464646465 25.592323076923 3.3035024946975E+16
63.671333333333 25.592323076923 4.4497701854232E+16
63.767202020202 25.592323076923 3.6764940901169E+16
63.863070707071 25.592323076923 1.0187442197981E+16
63.958939393939 25.592323076923 -4.2639492403747E+15
64.054808080808 25.592323076923 -6.677960552915E+15
64.150676767677 25.592323076923 -4.7980070475488E+15
64.246545454545 25.592323076923 2.6449437494209E+15
64.342414141414 25.592323076923 2.5393972406939E+16
64.438282828283 25.592323076923 5.2915951179405E+16
64.534151515152 25.592323076923 4.8254366268352E+16
64.63002020202 25.592323076923 1.44282229204E+16
64.725888888889 25.592323076923 1.8692331414643E+15
64.821757575758 25.592323076923 -7.6564780571328E+14
64.917626262626 25.592323076923 -1.9908569074608E+15
65.013494949495 25.592323076923 -7.0294665681879E+14
65.109363636364 25.592323076923 4.5532535090907E+15
65.205232323232 25.592323076923 1.4841067284649E+16
65.301101010101 25.592323076923 4.1194919936564E+16
65.39696969697 25.592323076923 5.8879484979171E+16
65.492838383838 25.592323076923 4.5694192769204E+16
65.588707070707 25.592323076923 3.2163478004017E+16
65.684575757576 25.592323076923 2.2669366174365E+16
65.780444444444 25.592323076923 1.7958880199538E+16
65.876313131313 25.592323076923 1.5581867219312E+16
65.972181818182 25.592323076923 1.3492478655195E+16
66.068050505051 25.592323076923 1.0556575493277E+16
66.163919191919 25.592323076923 6.6037525181335E+15
57.439868686869 25.688407692308 -6.5839857978286E+14
57.535737373737 25.688407692308 -7.3735846631942E+14
57.631606060606 25.688407692308 -7.8787412221384E+14
57.727474747475 25.688407692308 -8.0288677267636E+14
57.823343434343 25.688407692308 -7.8264897009834E+14
57.919212121212 25.688407692308 -7.343741902997E+14
58.015080808081 25.688407692308 -6.689965425802E+14
58.110949494949 25.688407692308 -5.9813444700406E+14
58.206818181818 25.688407692308 -5.3989193604689E+14
58.302686868687 25.688407692308 -5.5908602979516E+14
58.398555555556 25.688407692308 -8.0539744607111E+14
58.494424242424 25.688407692308 -1.1590513621575E+15
58.590292929293 25.688407692308 -1.197535297433E+15
58.686161616162 25.688407692308 -6.0577376704576E+14
58.78203030303 25.688407692308 -3.8549081214656E+14
58.877898989899 25.688407692308 -1.533620301073E+15
58.973767676768 25.688407692308 -9.9213981403253E+14
59.069636363636 25.688407692308 1.1366713851129E+15
59.165505050505 25.688407692308 3.2037092104721E+15
59.261373737374 25.688407692308 3.8439493794196E+15
59.357242424242 25.688407692308 3.0225729975373E+15
59.453111111111 25.688407692308 1.5788191173367E+15
59.54897979798 25.688407692308 5.055945248827E+14
59.644848484848 25.688407692308 2.0440298850818E+14
59.740717171717 25.688407692308 39152566895280
59.836585858586 25.688407692308 -64434024109908
59.932454545455 25.688407692308 -1.2978451720658E+14
60.028323232323 25.688407692308 -1.6917965938139E+14
60.124191919192 25.688407692308 -1.6344264076256E+14
60.220060606061 25.688407692308 -1.3356007307644E+14
60.315929292929 25.688407692308 -99198310120788
60.411797979798 25.688407692308 -67264332757728
60.507666666667 25.688407692308 -37137612362524
60.603535353535 25.688407692308 -9646524093172
60.699404040404 25.688407692308 11527792760120
60.795272727273 25.688407692308 24667524280160
60.891141414141 25.688407692308 36318039493392
60.98701010101 25.688407692308 53500513684104
61.082878787879 25.688407692308 72797452741878
61.178747474747 25.688407692308 90074151180162
61.274616161616 25.688407692308 1.0419479611695E+14
61.370484848485 25.688407692308 1.1290863168255E+14
61.466353535354 25.688407692308 1.1124615346263E+14
61.562222222222 25.688407692308 1.0031545556166E+14
61.658090909091 25.688407692308 92401283247904
61.75395959596 25.688407692308 1.017948744829E+14
61.849828282828 25.688407692308 1.3895167451801E+14
61.945696969697 25.688407692308 2.0491994159851E+14
62.041565656566 25.688407692308 2.885739115635E+14
62.137434343434 25.688407692308 3.5521763537444E+14
62.233303030303 25.688407692308 2.6646311011185E+14
62.329171717172 25.688407692308 1.1556227816883E+14
62.42504040404 25.688407692308 -18075562871822
62.520909090909 25.688407692308 -1.4111559934978E+14
62.616777777778 25.688407692308 -2.8806017952461E+14
62.712646464646 25.688407692308 -4.8016555312549E+14
62.808515151515 25.688407692308 -6.8896729032207E+14
62.904383838384 25.688407692308 -8.5875242559659E+14
63.000252525253 25.688407692308 -9.4059810643431E+14
63.096121212121 25.688407692308 -8.8197063165814E+14
63.19198989899 25.688407692308 -4.3867890530165E+14
63.287858585859 25.688407692308 1.2936791080069E+15
63.383727272727 25.688407692308 5.8692641793668E+15
63.479595959596 25.688407692308 1.3763541614081E+16
63.575464646465 25.688407692308 2.2633383663141E+16
63.671333333333 25.688407692308 2.6925429028838E+16
63.767202020202 25.688407692308 2.1374097578089E+16
63.863070707071 25.688407692308 8.1803624053276E+15
63.958939393939 25.688407692308 -1.9699572027027E+15
64.054808080808 25.688407692308 -5.7281328570186E+15
64.150676767677 25.688407692308 -5.4895766526994E+15
64.246545454545 25.688407692308 1903499369827
64.342414141414 25.688407692308 2.5984871429177E+16
64.438282828283 25.688407692308 6.2118558746958E+16
64.534151515152 25.688407692308 6.1251742828849E+16
64.63002020202 25.688407692308 1.7090690157E+16
64.725888888889 25.688407692308 6.7056062786448E+14
64.821757575758 25.688407692308 -2.8167011594646E+15
64.917626262626 25.688407692308 -2.9280174444833E+15
65.013494949495 25.688407692308 -57733238559402
65.109363636364 25.688407692308 9.8369196851563E+15
65.205232323232 25.688407692308 3.2022082591382E+16
65.301101010101 25.688407692308 6.7827836283586E+16
65.39696969697 25.688407692308 7.5098410049253E+16
65.492838383838 25.688407692308 5.7005144194411E+16
65.588707070707 25.688407692308 4.2190439011246E+16
65.684575757576 25.688407692308 3.209376595744E+16
65.780444444444 25.688407692308 2.6355412873778E+16
65.876313131313 25.688407692308 2.3481254300967E+16
65.972181818182 25.688407692308 2.1276786254205E+16
66.068050505051 25.688407692308 1.731860612329E+16
66.163919191919 25.688407692308 1.0602436571343E+16
57.439868686869 25.784492307692 -5.4376006839075E+14
57.535737373737 25.784492307692 -6.6243039589087E+14
57.631606060606 25.784492307692 -7.4239490299623E+14
57.727474747475 25.784492307692 -7.7016293071695E+14
57.823343434343 25.784492307692 -7.4374799167364E+14
57.919212121212 25.784492307692 -6.7287735034317E+14
58.015080808081 25.784492307692 -5.7258396648809E+14
58.110949494949 25.784492307692 -4.5464711823857E+14
58.206818181818 25.784492307692 -3.2211350256045E+14
58.302686868687 25.784492307692 -1.8159631173339E+14
58.398555555556 25.784492307692 -5.4819807191419E+14
58.494424242424 25.784492307692 -1.3573483599663E+15
58.590292929293 25.784492307692 -1.7585344557489E+15
58.686161616162 25.784492307692 -1.5224106931802E+15
58.78203030303 25.784492307692 -1.4954930242383E+15
58.877898989899 25.784492307692 -2.2277288216465E+15
58.973767676768 25.784492307692 -6.9499405644198E+14
59.069636363636 25.784492307692 4.2478874260205E+15
59.165505050505 25.784492307692 8.1296504500168E+15
59.261373737374 25.784492307692 8.4326018097593E+15
59.357242424242 25.784492307692 5.9568555033398E+15
59.453111111111 25.784492307692 2.5865854246858E+15
59.54897979798 25.784492307692 3.0497339174012E+14
59.644848484848 25.784492307692 -2.2530696437339E+14
59.740717171717 25.784492307692 -3.9954643778671E+14
59.836585858586 25.784492307692 -4.2817357710517E+14
59.932454545455 25.784492307692 -3.5665328199605E+14
60.028323232323 25.784492307692 -2.9554391890203E+14
60.124191919192 25.784492307692 -2.3565845584403E+14
60.220060606061 25.784492307692 -1.7635262236146E+14
60.315929292929 25.784492307692 -1.2832534095907E+14
60.411797979798 25.784492307692 -87162369838244
60.507666666667 25.784492307692 -42878797705604
60.603535353535 25.784492307692 3352318534732
60.699404040404 25.784492307692 44006903060496
60.795272727273 25.784492307692 69566712498856
60.891141414141 25.784492307692 80609639702468
60.98701010101 25.784492307692 88578757739464
61.082878787879 25.784492307692 1.0038776997751E+14
61.178747474747 25.784492307692 1.1720900716124E+14
61.274616161616 25.784492307692 1.3966818382319E+14
61.370484848485 25.784492307692 1.646666744817E+14
61.466353535354 25.784492307692 1.7298741502141E+14
61.562222222222 25.784492307692 1.5571019061941E+14
61.658090909091 25.784492307692 1.398376794609E+14
61.75395959596 25.784492307692 1.4108380889892E+14
61.849828282828 25.784492307692 1.6480740041275E+14
61.945696969697 25.784492307692 2.0984643329535E+14
62.041565656566 25.784492307692 2.5999801596207E+14
62.137434343434 25.784492307692 2.6161834345963E+14
62.233303030303 25.784492307692 1.8509205336932E+14
62.329171717172 25.784492307692 81788577805810
62.42504040404 25.784492307692 -5375521971328
62.520909090909 25.784492307692 -86446867683664
62.616777777778 25.784492307692 -2.259452780673E+14
62.712646464646 25.784492307692 -4.7406015559772E+14
62.808515151515 25.784492307692 -7.6364794759163E+14
62.904383838384 25.784492307692 -9.9555335840782E+14
63.000252525253 25.784492307692 -1.0849935670533E+15
63.096121212121 25.784492307692 -9.0825539914879E+14
63.19198989899 25.784492307692 -1.9147352281333E+14
63.287858585859 25.784492307692 1.5871740890493E+15
63.383727272727 25.784492307692 5.010305924416E+15
63.479595959596 25.784492307692 9.9726918043945E+15
63.575464646465 25.784492307692 1.4922296088627E+16
63.671333333333 25.784492307692 1.7078494832315E+16
63.767202020202 25.784492307692 1.4311580749823E+16
63.863070707071 25.784492307692 7.6692185010981E+15
63.958939393939 25.784492307692 9.8576730890548E+14
64.054808080808 25.784492307692 -2.9397919645609E+15
64.150676767677 25.784492307692 -3.3844011242729E+15
64.246545454545 25.784492307692 8.8381285231992E+14
64.342414141414 25.784492307692 1.8203340661352E+16
64.438282828283 25.784492307692 3.5673996722899E+16
64.534151515152 25.784492307692 2.9990065740757E+16
64.63002020202 25.784492307692 2.0797655841071E+15
64.725888888889 25.784492307692 -3.4488676527531E+15
64.821757575758 25.784492307692 -4.446121111486E+15
64.917626262626 25.784492307692 -3.9585655527788E+15
65.013494949495 25.784492307692 -1.7785117799816E+15
65.109363636364 25.784492307692 6.3893304124329E+15
65.205232323232 25.784492307692 2.9133915875936E+16
65.301101010101 25.784492307692 5.1183136067362E+16
65.39696969697 25.784492307692 5.9152084294966E+16
65.492838383838 25.784492307692 5.2732746503044E+16
65.588707070707 25.784492307692 4.3025196722723E+16
65.684575757576 25.784492307692 3.5267561805136E+16
65.780444444444 25.784492307692 3.0894305657243E+16
65.876313131313 25.784492307692 2.9684037320638E+16
65.972181818182 25.784492307692 2.9796665555569E+16
66.068050505051 25.784492307692 2.6835808349798E+16
66.163919191919 25.784492307692 1.5822356174669E+16
57.439868686869 25.880576923077 -3.9014809733113E+14
57.535737373737 25.880576923077 -5.564834124619E+14
57.631606060606 25.880576923077 -6.6836818547725E+14
57.727474747475 25.880576923077 -7.0225299992334E+14
57.823343434343 25.880576923077 -6.5360868860634E+14
57.919212121212 25.880576923077 -5.4166642519764E+14
58.015080808081 25.880576923077 -3.9716960863386E+14
58.110949494949 25.880576923077 -2.4833325082093E+14
58.206818181818 25.880576923077 -1.2558738927126E+14
58.302686868687 25.880576923077 -1.0398050691365E+14
58.398555555556 25.880576923077 -6.2275983226778E+14
58.494424242424 25.880576923077 -1.6432695657005E+15
58.590292929293 25.880576923077 -2.4846111237366E+15
58.686161616162 25.880576923077 -2.7242619012217E+15
58.78203030303 25.880576923077 -2.1202310295191E+15
58.877898989899 25.880576923077 -1.3518562728409E+15
58.973767676768 25.880576923077 1.0082099538331E+14
59.069636363636 25.880576923077 1.218474910271E+16
59.165505050505 25.880576923077 1.7884399674191E+16
59.261373737374 25.880576923077 1.6218712379587E+16
59.357242424242 25.880576923077 1.044766068329E+16
59.453111111111 25.880576923077 3.583025176912E+15
59.54897979798 25.880576923077 -6.4820139433518E+14
59.644848484848 25.880576923077 -1.4278789632794E+15
59.740717171717 25.880576923077 -1.1591100916591E+15
59.836585858586 25.880576923077 -7.2247791717873E+14
59.932454545455 25.880576923077 -4.6846673450196E+14
60.028323232323 25.880576923077 -3.4453135392725E+14
60.124191919192 25.880576923077 -2.36207565946E+14
60.220060606061 25.880576923077 -1.3980915819151E+14
60.315929292929 25.880576923077 -87634303994636
60.411797979798 25.880576923077 -53440243045660
60.507666666667 25.880576923077 -523304695428
60.603535353535 25.880576923077 60874055468836
60.699404040404 25.880576923077 1.2270795116698E+14
60.795272727273 25.880576923077 1.5630558211102E+14
60.891141414141 25.880576923077 1.5345333630319E+14
60.98701010101 25.880576923077 1.471486573663E+14
61.082878787879 25.880576923077 1.5017874887706E+14
61.178747474747 25.880576923077 1.6233218554567E+14
61.274616161616 25.880576923077 1.8715649124857E+14
61.370484848485 25.880576923077 2.3111240033552E+14
61.466353535354 25.880576923077 2.6089336858276E+14
61.562222222222 25.880576923077 2.2053758972161E+14
61.658090909091 25.880576923077 1.9589554511804E+14
61.75395959596 25.880576923077 1.8736080784001E+14
61.849828282828 25.880576923077 1.933046404628E+14
61.945696969697 25.880576923077 2.1204360555531E+14
62.041565656566 25.880576923077 2.4092377093838E+14
62.137434343434 25.880576923077 2.0503289328841E+14
62.233303030303 25.880576923077 1.1399775516093E+14
62.329171717172 25.880576923077 47066208313030
62.42504040404 25.880576923077 22528172121610
62.520909090909 25.880576923077 36430379499114
62.616777777778 25.880576923077 -14843160415712
62.712646464646 25.880576923077 -3.4293814696029E+14
62.808515151515 25.880576923077 -7.1708765556824E+14
62.904383838384 25.880576923077 -9.8775341488384E+14
63.000252525253 25.880576923077 -1.0733198943554E+15
63.096121212121 25.880576923077 -8.6958676918733E+14
63.19198989899 25.880576923077 -2.0184326454363E+14
63.287858585859 25.880576923077 1.1044975735592E+15
63.383727272727 25.880576923077 3.2859037812063E+15
63.479595959596 25.880576923077 6.408779649421E+15
63.575464646465 25.880576923077 9.84754514996E+15
63.671333333333 25.880576923077 1.2264091027447E+16
63.767202020202 25.880576923077 1.2228911201246E+16
63.863070707071 25.880576923077 9.3469684073347E+15
63.958939393939 25.880576923077 4.5884053415164E+15
64.054808080808 25.880576923077 2.9168006716226E+14
64.150676767677 25.880576923077 -2.6196059209172E+14
64.246545454545 25.880576923077 9.0785507275876E+14
64.342414141414 25.880576923077 9.3193368519638E+15
64.438282828283 25.880576923077 1.7237000622338E+16
64.534151515152 25.880576923077 1.4398681694318E+16
64.63002020202 25.880576923077 3.9738058646509E+15
64.725888888889 25.880576923077 -2.218496600657E+15
64.821757575758 25.880576923077 -3.9817298997208E+15
64.917626262626 25.880576923077 -3.7403531984159E+15
65.013494949495 25.880576923077 -1.2688445500213E+15
65.109363636364 25.880576923077 5.7906970516501E+15
65.205232323232 25.880576923077 2.0969909737973E+16
65.301101010101 25.880576923077 3.536943092807E+16
65.39696969697 25.880576923077 4.252138147136E+16
65.492838383838 25.880576923077 4.1783103570153E+16
65.588707070707 25.880576923077 3.7175681169415E+16
65.684575757576 25.880576923077 3.2586322160408E+16
65.780444444444 25.880576923077 3.0437333947997E+16
65.876313131313 25.880576923077 3.2162064968796E+16
65.972181818182 25.880576923077 3.770863679211E+16
66.068050505051 25.880576923077 4.2470472180997E+16
66.163919191919 25.880576923077 2.6163166321697E+16
